-9.810000e+002
-4.440000e+002
3.070000e+002
1.015000e+003
1.303000e+003
1.235000e+003
8.590000e+002
7.030000e+002
6.390000e+002
1.170000e+002
-4.730000e+002
-5.560000e+002
-4.240000e+002
-2.580000e+002
-2.490000e+002
-1.900000e+001
4.630000e+002
8.200000e+002
1.083000e+003
1.430000e+003
1.464000e+003
4.630000e+002
-9.320000e+002
-1.328000e+003
-1.025000e+003
-1.020000e+003
-9.170000e+002
-6.200000e+002
-7.470000e+002
-1.264000e+003
-1.582000e+003
-1.684000e+003
-1.372000e+003
-8.050000e+002
-2.880000e+002
7.300000e+001
3.120000e+002
3.460000e+002
-9.200000e+001
2.900000e+001
1.108000e+003
4.730000e+002
-1.191000e+003
-1.894000e+003
-1.723000e+003
-1.259000e+003
-5.320000e+002
4.540000e+002
1.464000e+003
2.421000e+003
3.271000e+003
3.930000e+003
4.218000e+003
3.999000e+003
3.515000e+003
3.002000e+003
2.338000e+003
1.640000e+003
1.220000e+003
6.980000e+002
-5.320000e+002
-1.313000e+003
4.240000e+002
8.300000e+002
-4.630000e+002
-1.728000e+003
-3.833000e+003
-4.667000e+003
-3.398000e+003
-1.337000e+003
4.440000e+002
1.679000e+003
2.460000e+003
2.568000e+003
2.250000e+003
1.914000e+003
1.640000e+003
1.171000e+003
4.440000e+002
-3.360000e+002
-1.118000e+003
-1.542000e+003
-1.499000e+003
-2.021000e+003
-3.369000e+003
-3.535000e+003
-2.578000e+003
-2.934000e+003
-2.700000e+003
-2.148000e+003
-3.979000e+003
-6.796000e+003
-7.387000e+003
-6.367000e+003
-2.739000e+003
-3.020000e+002
1.020000e+003
1.459000e+003
1.508000e+003
1.162000e+003
9.710000e+002
1.157000e+003
1.372000e+003
1.152000e+003
1.660000e+002
-6.680000e+002
-6.980000e+002
-5.460000e+002
-5.560000e+002
-6.100000e+002
-1.425000e+003
-2.744000e+003
-2.016000e+003
-8.700000e+001
-3.070000e+002
-2.045000e+003
-3.515000e+003
-4.658000e+003
-5.952000e+003
-6.416000e+003
-5.468000e+003
-3.295000e+003
-1.049000e+003
6.200000e+002
1.528000e+003
1.743000e+003
1.811000e+003
1.791000e+003
1.806000e+003
1.977000e+003
1.542000e+003
6.780000e+002
-6.300000e+001
-6.590000e+002
-1.064000e+003
-1.166000e+003
-1.191000e+003
-2.221000e+003
-3.232000e+003
-2.441000e+003
-2.241000e+003
-2.705000e+003
-2.456000e+003
-2.714000e+003
-4.067000e+003
-6.401000e+003
-7.407000e+003
-6.386000e+003
-3.476000e+003
-4.240000e+002
2.241000e+003
4.038000e+003
4.882000e+003
4.765000e+003
4.409000e+003
3.925000e+003
3.481000e+003
3.173000e+003
2.802000e+003
2.099000e+003
1.157000e+003
4.730000e+002
2.140000e+002
-8.000000e+002
-2.314000e+003
-2.778000e+003
-3.027000e+003
-3.076000e+003
-2.856000e+003
-2.763000e+003
-3.642000e+003
-5.014000e+003
-5.541000e+003
-4.770000e+003
-2.675000e+003
-2.050000e+002
1.752000e+003
2.895000e+003
3.349000e+003
3.349000e+003
2.910000e+003
2.265000e+003
2.021000e+003
2.065000e+003
2.080000e+003
1.909000e+003
1.523000e+003
9.710000e+002
-8.050000e+002
-2.666000e+003
-2.817000e+003
-2.470000e+003
-2.568000e+003
-2.460000e+003
-2.124000e+003
-1.738000e+003
-1.826000e+003
-1.704000e+003
-7.760000e+002
2.970000e+002
1.171000e+003
2.128000e+003
2.578000e+003
2.529000e+003
2.470000e+003
2.084000e+003
1.958000e+003
2.324000e+003
2.421000e+003
2.055000e+003
1.787000e+003
1.889000e+003
1.835000e+003
1.274000e+003
3.750000e+002
-1.850000e+002
-3.950000e+002
-1.070000e+002
-8.700000e+001
-8.740000e+002
-9.470000e+002
-6.640000e+002
-4.490000e+002
5.660000e+002
1.962000e+003
2.998000e+003
3.432000e+003
3.339000e+003
3.037000e+003
2.426000e+003
