-1.118000e+003
-6.340000e+002
4.830000e+002
1.342000e+003
1.523000e+003
1.630000e+003
1.591000e+003
1.259000e+003
9.470000e+002
2.880000e+002
-5.220000e+002
-6.980000e+002
-4.240000e+002
-9.200000e+001
-2.440000e+002
-2.920000e+002
6.800000e+001
6.830000e+002
1.113000e+003
9.960000e+002
7.950000e+002
5.270000e+002
-2.680000e+002
-1.381000e+003
-1.591000e+003
-1.088000e+003
-6.980000e+002
-5.270000e+002
-8.200000e+002
-1.455000e+003
-2.001000e+003
-2.534000e+003
-2.758000e+003
-2.587000e+003
-2.016000e+003
-1.220000e+003
-3.850000e+002
4.050000e+002
-3.220000e+002
-1.293000e+003
-9.420000e+002
-1.591000e+003
-2.373000e+003
-1.918000e+003
-1.508000e+003
-8.390000e+002
2.530000e+002
1.113000e+003
1.894000e+003
2.841000e+003
3.813000e+003
4.379000e+003
4.414000e+003
4.018000e+003
3.608000e+003
3.325000e+003
3.100000e+003
2.626000e+003
1.743000e+003
8.980000e+002
-1.950000e+002
-1.152000e+003
-3.610000e+002
4.980000e+002
7.860000e+002
-3.220000e+002
-3.134000e+003
-4.536000e+003
-3.549000e+003
-1.416000e+003
6.930000e+002
2.290000e+003
3.046000e+003
3.183000e+003
3.139000e+003
2.910000e+003
2.597000e+003
2.011000e+003
1.289000e+003
5.020000e+002
-5.020000e+002
-1.113000e+003
-1.503000e+003
-2.343000e+003
-3.164000e+003
-3.398000e+003
-3.208000e+003
-3.364000e+003
-2.641000e+003
-1.621000e+003
-3.081000e+003
-6.279000e+003
-7.841000e+003
-6.176000e+003
-2.954000e+003
-3.510000e+002
1.357000e+003
2.187000e+003
2.524000e+003
2.270000e+003
2.163000e+003
2.241000e+003
2.207000e+003
2.036000e+003
1.142000e+003
-1.900000e+001
-3.800000e+002
-2.240000e+002
-4.000000e+002
-7.660000e+002
-1.582000e+003
-2.495000e+003
-2.368000e+003
-1.298000e+003
-1.215000e+003
-1.699000e+003
-2.050000e+003
-3.056000e+003
-4.614000e+003
-5.756000e+003
-5.507000e+003
-3.618000e+003
-1.430000e+003
4.540000e+002
1.367000e+003
1.708000e+003
1.899000e+003
1.855000e+003
1.972000e+003
2.241000e+003
1.928000e+003
1.206000e+003
3.950000e+002
-3.220000e+002
-9.170000e+002
-1.303000e+003
-1.625000e+003
-2.441000e+003
-2.788000e+003
-2.045000e+003
-1.699000e+003
-1.704000e+003
-1.547000e+003
-2.329000e+003
-3.901000e+003
-6.015000e+003
-7.412000e+003
-6.440000e+003
-3.627000e+003
-5.320000e+002
1.503000e+003
3.261000e+003
4.868000e+003
5.239000e+003
4.985000e+003
4.321000e+003
3.652000e+003
3.544000e+003
3.510000e+003
3.100000e+003
2.226000e+003
1.323000e+003
6.780000e+002
-6.540000e+002
-1.909000e+003
-2.353000e+003
-2.719000e+003
-2.695000e+003
-2.031000e+003
-9.960000e+002
-1.420000e+003
-3.393000e+003
-5.048000e+003
-5.229000e+003
-3.281000e+003
-3.560000e+002
2.041000e+003
3.125000e+003
3.085000e+003
2.475000e+003
1.396000e+003
1.750000e+002
-2.440000e+002
5.800000e+001
3.750000e+002
4.190000e+002
4.390000e+002
5.460000e+002
-2.050000e+002
-1.401000e+003
-1.875000e+003
-1.923000e+003
-1.928000e+003
-1.528000e+003
-1.035000e+003
-1.201000e+003
-2.421000e+003
-3.398000e+003
-2.675000e+003
-8.100000e+002
8.150000e+002
2.197000e+003
3.242000e+003
3.701000e+003
3.505000e+003
2.763000e+003
2.255000e+003
2.343000e+003
2.324000e+003
2.124000e+003
2.109000e+003
2.011000e+003
1.767000e+003
1.318000e+003
6.640000e+002
1.460000e+002
-4.880000e+002
-2.530000e+002
4.490000e+002
3.170000e+002
4.730000e+002
6.050000e+002
1.900000e+001
-1.610000e+002
4.980000e+002
1.669000e+003
2.827000e+003
3.242000e+003
3.105000e+003
2.597000e+003
