-6.000000e+002
-7.170000e+002
-6.680000e+002
-2.000000e+002
-1.800000e+002
-7.300000e+001
2.880000e+002
6.640000e+002
1.245000e+003
1.601000e+003
1.284000e+003
5.320000e+002
-2.730000e+002
-7.660000e+002
-1.171000e+003
-1.235000e+003
-9.520000e+002
-6.150000e+002
3.120000e+002
1.669000e+003
2.763000e+003
1.445000e+003
-1.367000e+003
-2.900000e+003
-2.055000e+003
-8.590000e+002
-7.910000e+002
-4.580000e+002
2.830000e+002
1.181000e+003
2.260000e+003
3.251000e+003
3.891000e+003
4.282000e+003
4.638000e+003
4.809000e+003
4.638000e+003
4.248000e+003
3.808000e+003
3.271000e+003
1.997000e+003
-1.376000e+003
-3.173000e+003
-2.744000e+003
-2.700000e+003
-2.553000e+003
-1.391000e+003
7.370000e+002
3.173000e+003
5.312000e+003
7.138000e+003
7.895000e+003
7.763000e+003
7.788000e+003
7.792000e+003
7.788000e+003
7.788000e+003
7.802000e+003
7.802000e+003
7.299000e+003
4.399000e+003
1.850000e+003
3.764000e+003
2.924000e+003
-8.390000e+002
-3.779000e+003
-6.293000e+003
-6.870000e+003
-5.146000e+003
-2.666000e+003
3.400000e+001
2.719000e+003
4.941000e+003
6.479000e+003
7.416000e+003
7.768000e+003
7.802000e+003
7.807000e+003
7.700000e+003
7.319000e+003
7.050000e+003
6.811000e+003
6.440000e+003
5.361000e+003
1.508000e+003
-1.323000e+003
-4.290000e+002
-1.894000e+003
-3.447000e+003
-4.306000e+003
-6.127000e+003
-7.373000e+003
-7.226000e+003
-7.153000e+003
-4.541000e+003
-7.080000e+002
1.572000e+003
3.872000e+003
5.678000e+003
6.601000e+003
7.250000e+003
7.705000e+003
7.812000e+003
7.802000e+003
7.797000e+003
7.460000e+003
7.246000e+003
7.236000e+003
7.421000e+003
7.382000e+003
6.376000e+003
2.724000e+003
-6.340000e+002
-7.320000e+002
-2.441000e+003
-4.340000e+003
-5.561000e+003
-6.660000e+003
-7.216000e+003
-7.187000e+003
-6.049000e+003
-3.095000e+003
-4.440000e+002
1.274000e+003
1.577000e+003
1.049000e+003
8.000000e+002
8.390000e+002
9.810000e+002
1.264000e+003
1.474000e+003
1.499000e+003
1.528000e+003
1.704000e+003
1.982000e+003
2.490000e+003
2.290000e+003
4.630000e+002
-1.704000e+003
-9.080000e+002
-7.760000e+002
-3.325000e+003
-5.122000e+003
-6.518000e+003
-7.338000e+003
-7.226000e+003
-7.236000e+003
-7.246000e+003
-6.225000e+003
-2.387000e+003
-5.900000e+002
1.166000e+003
2.583000e+003
3.349000e+003
3.813000e+003
3.974000e+003
4.130000e+003
4.296000e+003
4.262000e+003
4.101000e+003
3.920000e+003
3.740000e+003
3.359000e+003
8.590000e+002
-1.210000e+003
-4.100000e+002
-2.045000e+003
-4.340000e+003
-5.190000e+003
-6.005000e+003
-7.124000e+003
-7.299000e+003
-7.211000e+003
-7.246000e+003
-6.362000e+003
-2.519000e+003
-4.390000e+002
9.170000e+002
1.918000e+003
2.875000e+003
3.867000e+003
4.365000e+003
4.687000e+003
4.912000e+003
4.658000e+003
4.238000e+003
4.091000e+003
3.315000e+003
8.980000e+002
-2.031000e+003
-2.705000e+003
-2.729000e+003
-3.671000e+003
-4.282000e+003
-5.107000e+003
-6.269000e+003
-7.221000e+003
-7.255000e+003
-7.167000e+003
-5.864000e+003
-4.072000e+003
-2.885000e+003
-1.591000e+003
-5.850000e+002
6.490000e+002
2.065000e+003
3.173000e+003
4.331000e+003
5.302000e+003
5.844000e+003
5.673000e+003
4.960000e+003
4.189000e+003
2.871000e+003
5.610000e+002
-1.713000e+003
-2.104000e+003
-1.435000e+003
-2.290000e+003
-4.399000e+003
-6.284000e+003
-7.124000e+003
-7.211000e+003
-6.875000e+003
-5.102000e+003
-2.470000e+003
2.000000e+002
1.992000e+003
2.949000e+003
3.520000e+003
