-1.132000e+003
-9.520000e+002
-7.560000e+002
-4.780000e+002
-2.050000e+002
-5.800000e+001
-4.000000e+000
1.070000e+002
1.850000e+002
1.900000e+002
-2.730000e+002
-9.760000e+002
-1.416000e+003
-1.538000e+003
-1.552000e+003
-1.328000e+003
-9.610000e+002
-7.660000e+002
4.000000e+000
1.669000e+003
1.782000e+003
-3.900000e+001
-1.611000e+003
-2.055000e+003
-2.167000e+003
-2.055000e+003
-1.503000e+003
-8.690000e+002
-1.800000e+002
2.970000e+002
6.680000e+002
9.660000e+002
1.308000e+003
1.718000e+003
2.055000e+003
2.128000e+003
1.933000e+003
1.689000e+003
1.386000e+003
1.347000e+003
1.240000e+003
2.440000e+002
-4.780000e+002
-1.005000e+003
-1.499000e+003
-1.650000e+003
-1.445000e+003
-7.120000e+002
1.850000e+002
9.810000e+002
1.953000e+003
2.998000e+003
3.872000e+003
4.291000e+003
4.316000e+003
4.267000e+003
3.974000e+003
3.520000e+003
3.295000e+003
2.895000e+003
1.748000e+003
1.445000e+003
3.144000e+003
2.314000e+003
-6.680000e+002
-1.743000e+003
-1.894000e+003
-2.353000e+003
-2.353000e+003
-1.958000e+003
-1.127000e+003
7.300000e+001
1.289000e+003
2.250000e+003
2.841000e+003
3.247000e+003
3.437000e+003
3.505000e+003
3.569000e+003
3.359000e+003
2.788000e+003
2.373000e+003
2.275000e+003
1.674000e+003
2.290000e+002
-6.800000e+001
7.080000e+002
-2.440000e+002
-1.108000e+003
-9.130000e+002
-1.508000e+003
-3.886000e+003
-5.791000e+003
-5.703000e+003
-4.418000e+003
-2.861000e+003
-1.264000e+003
4.000000e+000
1.040000e+003
1.650000e+003
2.128000e+003
2.719000e+003
3.154000e+003
3.242000e+003
2.768000e+003
2.402000e+003
2.592000e+003
2.807000e+003
2.934000e+003
2.929000e+003
2.236000e+003
8.440000e+002
7.370000e+002
1.274000e+003
3.750000e+002
-1.762000e+003
-3.413000e+003
-3.662000e+003
-3.813000e+003
-4.248000e+003
-4.370000e+003
-3.833000e+003
-2.841000e+003
-1.831000e+003
-1.098000e+003
-5.170000e+002
3.400000e+001
6.490000e+002
1.235000e+003
1.831000e+003
1.972000e+003
1.679000e+003
1.440000e+003
1.264000e+003
1.381000e+003
1.552000e+003
1.464000e+003
8.880000e+002
0.000000e+000
-4.300000e+001
-5.950000e+002
-1.928000e+003
-2.846000e+003
-3.510000e+003
-3.706000e+003
-4.785000e+003
-5.698000e+003
-4.941000e+003
-3.994000e+003
-2.832000e+003
-1.440000e+003
-2.240000e+002
4.930000e+002
8.200000e+002
1.186000e+003
1.645000e+003
2.099000e+003
2.270000e+003
2.133000e+003
1.777000e+003
1.245000e+003
8.880000e+002
6.680000e+002
-3.850000e+002
-1.372000e+003
-1.230000e+003
-1.484000e+003
-2.475000e+003
-3.559000e+003
-4.277000e+003
-4.379000e+003
-4.379000e+003
-4.799000e+003
-4.956000e+003
-4.521000e+003
-3.515000e+003
-2.031000e+003
-7.510000e+002
4.290000e+002
1.718000e+003
2.763000e+003
3.154000e+003
3.305000e+003
3.325000e+003
3.022000e+003
2.607000e+003
2.094000e+003
1.318000e+003
-1.460000e+002
-1.557000e+003
-1.762000e+003
-1.376000e+003
-1.464000e+003
-1.752000e+003
-2.431000e+003
-3.002000e+003
-2.954000e+003
-1.977000e+003
-1.254000e+003
-1.679000e+003
-2.270000e+003
-2.089000e+003
-1.757000e+003
-1.254000e+003
-2.880000e+002
5.270000e+002
1.274000e+003
1.801000e+003
2.065000e+003
2.207000e+003
2.109000e+003
1.992000e+003
1.777000e+003
1.318000e+003
6.680000e+002
2.000000e+002
3.850000e+002
7.030000e+002
4.390000e+002
-1.750000e+002
-6.290000e+002
-1.176000e+003
-1.596000e+003
-9.170000e+002
3.900000e+001
3.070000e+002
2.730000e+002
3.660000e+002
5.610000e+002
4.440000e+002
