-1.235000e+003
-8.640000e+002
-5.370000e+002
-3.900000e+002
-5.410000e+002
-5.070000e+002
-2.730000e+002
4.150000e+002
1.118000e+003
1.176000e+003
1.357000e+003
5.950000e+002
-9.080000e+002
-1.625000e+003
-1.923000e+003
-1.831000e+003
-1.259000e+003
-8.250000e+002
-1.900000e+001
3.232000e+003
5.131000e+003
1.225000e+003
-3.422000e+003
-4.921000e+003
-3.554000e+003
-2.314000e+003
-1.879000e+003
-9.960000e+002
2.240000e+002
1.562000e+003
3.032000e+003
4.433000e+003
5.483000e+003
6.245000e+003
6.796000e+003
6.904000e+003
6.567000e+003
5.590000e+003
3.203000e+003
1.967000e+003
4.199000e+003
1.123000e+003
-3.486000e+003
-4.101000e+003
-3.544000e+003
-3.251000e+003
-2.421000e+003
-3.410000e+002
2.133000e+003
4.541000e+003
6.708000e+003
8.129000e+003
8.330000e+003
8.251000e+003
8.276000e+003
8.271000e+003
8.271000e+003
8.286000e+003
8.276000e+003
7.954000e+003
4.882000e+003
2.133000e+003
7.480000e+003
8.266000e+003
-1.070000e+002
-6.284000e+003
-7.661000e+003
-7.841000e+003
-6.040000e+003
-3.120000e+003
-3.360000e+002
2.553000e+003
5.068000e+003
6.796000e+003
7.910000e+003
8.281000e+003
8.276000e+003
8.291000e+003
8.149000e+003
7.871000e+003
7.607000e+003
7.509000e+003
7.329000e+003
5.795000e+003
7.760000e+002
-1.083000e+003
3.090000e+003
2.900000e+001
-5.419000e+003
-7.441000e+003
-7.934000e+003
-7.910000e+003
-7.915000e+003
-7.924000e+003
-7.021000e+003
-1.684000e+003
1.186000e+003
3.393000e+003
5.166000e+003
6.000000e+003
6.679000e+003
7.153000e+003
7.363000e+003
7.446000e+003
7.329000e+003
7.221000e+003
7.236000e+003
7.397000e+003
7.773000e+003
8.002000e+003
6.816000e+003
1.987000e+003
-8.250000e+002
1.923000e+003
-6.250000e+002
-5.957000e+003
-8.139000e+003
-7.875000e+003
-7.890000e+003
-7.934000e+003
-7.778000e+003
-4.223000e+003
-2.340000e+002
1.152000e+003
1.445000e+003
8.540000e+002
3.510000e+002
3.070000e+002
6.440000e+002
1.254000e+003
1.738000e+003
1.875000e+003
1.997000e+003
2.387000e+003
2.988000e+003
3.652000e+003
3.339000e+003
1.010000e+003
-2.597000e+003
-1.279000e+003
7.220000e+002
-2.851000e+003
-6.684000e+003
-8.085000e+003
-7.885000e+003
-7.900000e+003
-7.934000e+003
-7.910000e+003
-7.041000e+003
-2.285000e+003
1.020000e+002
2.045000e+003
3.330000e+003
3.925000e+003
4.296000e+003
4.584000e+003
4.931000e+003
5.024000e+003
4.736000e+003
4.453000e+003
4.189000e+003
3.876000e+003
3.222000e+003
-8.300000e+001
-2.875000e+003
5.300000e+001
-2.390000e+002
-4.594000e+003
-7.465000e+003
-8.022000e+003
-7.875000e+003
-7.924000e+003
-7.924000e+003
-7.915000e+003
-7.739000e+003
-3.710000e+003
1.070000e+002
1.645000e+003
3.144000e+003
4.619000e+003
5.781000e+003
6.333000e+003
6.538000e+003
6.367000e+003
5.957000e+003
5.571000e+003
5.346000e+003
4.389000e+003
1.630000e+003
-2.475000e+003
-3.017000e+003
-1.303000e+003
-2.348000e+003
-4.487000e+003
-6.699000e+003
-7.895000e+003
-7.929000e+003
-7.885000e+003
-7.578000e+003
-4.877000e+003
-3.691000e+003
-3.007000e+003
-2.006000e+003
-5.610000e+002
1.230000e+003
2.617000e+003
3.720000e+003
4.921000e+003
6.054000e+003
6.699000e+003
6.699000e+003
6.240000e+003
5.703000e+003
4.853000e+003
2.797000e+003
4.300000e+001
-1.108000e+003
4.880000e+002
-1.120000e+002
-4.145000e+003
-7.294000e+003
-7.968000e+003
-7.866000e+003
-7.797000e+003
-5.297000e+003
-1.420000e+003
1.401000e+003
3.505000e+003
4.589000e+003
4.931000e+003
