2.158866
2.160140
2.161415
2.161415
2.167151
2.168425
2.157591
2.165876
2.153767
2.162690
2.162052
2.160778
2.147394
2.158866
2.155042
2.149306
2.158228
2.176711
2.198379
2.201566
2.213675
2.190094
2.190732
2.177985
2.149943
2.132736
2.116803
2.103419
2.128274
2.128912
2.128912
2.115528
2.134010
2.140383
2.151218
2.219411
2.320745
2.475613
2.694851
2.808931
2.586507
1.968307
1.675778
1.812164
1.976593
2.064543
2.134648
2.135922
2.153130
2.149943
2.167788
2.158228
2.176073
2.167151
2.173524
2.171612
2.178623
2.190094
2.209214
2.211126
2.219411
2.234069
2.235344
2.246178
2.263386
2.271671
2.284417
2.279956
2.278682
2.301625
2.298438
2.285055
2.271034
2.255101
2.232795
2.188182
2.151855
2.119989
2.101507
2.090035
2.078564
2.069004
2.065180
2.070278
2.083025
2.080475
2.081113
2.090673
2.106606
2.097046
2.112341
2.116803
2.127637
2.112979
2.129549
2.143570
2.132736
2.130186
2.130824
2.133373
2.132736
2.120627
2.113616
2.142295
2.104056
2.112341
2.112979
2.117440
2.115528
2.135922
2.136560
2.158866
2.179897
2.206665
2.213038
2.207939
2.187545
2.188182
2.197105
2.171612
2.162690
2.157591
2.157591
2.165876
2.187545
2.176711
2.192006
2.198379
2.210488
2.234707
2.316921
2.452670
2.603714
2.849719
2.918550
2.639404
1.914135
1.791770
1.970219
2.161415
2.257650
2.313097
2.320107
2.327118
2.356434
2.369181
2.388300
2.393399
2.410607
2.409332
2.436737
2.436737
2.445659
2.457131
2.481349
2.490271
2.515764
2.543806
2.543806
2.578221
2.584595
2.617735
2.621559
2.636217
2.637492
2.639404
2.641316
2.638767
2.613911
2.605626
2.568662
2.539982
2.508116
2.497282
2.487085
2.493458
2.497919
2.499831
2.506204
2.506842
2.522137
2.523412
2.541257
2.552729
2.559739
2.569936
2.580771
2.578859
2.592880
2.587781
2.597341
2.596066
2.587144
2.595429
2.587781
2.588418
2.575035
2.582045
2.569936
2.567387
2.547630
2.549542
2.549542
2.549542
2.537433
2.559102
2.575672
2.573760
2.577584
2.608813
2.592242
2.586507
2.564200
2.537433
2.519588
2.461592
2.476250
2.459680
2.450758
2.453944
2.448208
2.441198
2.429089
2.414430
2.422078
2.433550
2.511303
2.635580
2.818491
2.967623
2.942768
2.423353
1.782210
1.856139
2.062631
2.208577
2.242992
2.250640
2.265935
2.248090
2.252552
2.247453
2.244904
2.225147
2.229608
2.227059
2.229608
2.207302
2.224510
2.222598
2.223235
2.216224
2.228971
2.228971
2.229608
2.231520
2.241717
2.243629
2.246816
2.247453
2.235344
2.227696
2.214950
2.200929
2.160140
2.122539
2.071553
2.037775
2.003997
1.988702
1.964483
1.981691
1.956198
1.952374
1.957473
1.958748
1.953649
1.963209
1.962572
1.982328
1.975955
1.989339
1.991888
2.002723
2.000173
1.996349
1.997624
2.004635
2.003997
1.994437
1.998899
1.994437
1.977230
1.979142
1.963209
1.974043
1.965758
1.975955
1.967670
1.968945
1.975955
1.991888
2.010370
2.026303
2.046060
2.046060
2.037138
2.026941
2.018656
1.995712
1.955561
1.943452
1.958748
1.954286
1.949188
1.962572
1.963846
1.977230
1.988702
2.001448
2.026941
2.102144
2.258287
2.455856
2.641316
2.627932
2.104056
1.500515
1.562335
1.795594
1.934530
2.002085
2.018656
2.027578
2.026303
2.034589
2.034589
2.043511
2.051159
2.055620
2.053071
2.070278
2.067729
2.080475
2.083662
2.099595
2.112979
2.114891
2.137197
2.149306
2.163964
2.165239
2.185633
2.183084
2.186908
2.188182
2.183721
2.179260
2.160778
2.129549
2.115528
2.077926
2.026303
2.035863
2.005272
1.976593
1.989976
1.989976
1.974043
1.995075
1.994437
1.995075
2.006547
2.009733
2.025666
2.026941
2.032039
2.032677
2.038412
2.035226
2.040324
2.035863
2.037775
2.030127
2.033314
2.029490
2.027578
2.026303
2.021842
2.015469
2.010370
2.009733
2.001448
2.004635
2.002085
2.012920
2.008458
2.014832
2.023117
2.051159
2.053071
2.078564
2.095134
2.110429
2.105331
2.071553
2.084299
2.056257
2.009733
2.022479
2.014194
2.013557
2.021205
2.032677
2.039050
2.042874
2.059444
2.074740
2.116165
2.211126
2.375554
2.582683
2.762406
2.720343
2.146119
1.595476
1.691711
1.915410
2.055620
2.122539
2.144207
2.158866
2.171612
2.179260
2.192006
2.195830
2.205390
2.195830
2.210488
2.221960
2.244904
2.253189
2.264661
2.266573
2.271671
2.285692
2.304174
2.330304
2.353248
2.360896
2.369818
2.383839
2.383839
2.387663
2.410607
2.404871
2.379378
2.364082
2.324569
2.306724
2.273583
2.254463
2.235344
2.239168
2.220686
2.230245
2.214950
2.216224
2.233432
2.244904
2.252552
2.258287
2.263386
2.262749
2.291428
2.276770
2.286329
2.318833
2.315009
2.312459
2.305449
2.317558
2.309273
2.309273
2.299713
2.283143
2.293977
2.308636
2.281868
2.277407
2.278044
2.288241
2.292065
2.307998
2.339864
2.349424
2.347512
2.367269
2.364082
2.332216
2.334766
2.311822
2.276132
2.284417
2.271671
2.276132
2.274220
2.271671
2.278682
2.286329
2.286967
2.279319
2.338590
2.402321
2.544443
2.743924
2.926835
2.896243
2.384476
1.841481
1.858051
2.061356
2.197742
2.255101
2.283143
2.283143
2.281868
2.304812
2.289516
2.297801
2.300988
2.296527
2.313097
2.307998
2.323294
2.322657
2.332216
2.339864
2.329030
2.345600
2.361533
2.365994
2.374279
2.361533
2.379378
2.378741
2.370455
2.385751
2.385751
2.365357
2.344325
2.331579
2.289516
2.260199
2.223872
2.200291
2.177985
2.175436
2.163964
2.144845
2.167151
2.149943
2.149306
2.160140
2.146757
2.188820
2.169700
2.179897
2.192006
2.176073
2.179897
2.174799
2.183721
2.181809
2.188182
2.181172
2.185633
2.167151
2.175436
2.162690
2.153767
2.144845
2.155042
2.144845
2.129549
2.142933
2.160140
2.179260
2.188182
2.187545
2.188182
2.227696
2.218774
2.185633
2.166514
2.157591
2.114253
2.117440
2.101507
2.105968
2.123813
2.109155
2.128274
2.118077
2.113616
2.139746
2.179897
2.246178
2.417617
2.626658
2.789811
2.715245
2.162690
1.682789
1.754806
1.894378
2.014194
2.088123
2.121901
2.123176
2.121264
2.146119
2.141658
2.155042
2.144207
2.157591
2.151855
2.153130
2.161415
2.174799
2.176711
2.183721
2.182446
2.193281
2.193918
2.211126
2.225784
2.227696
2.227059
2.227059
2.245541
2.232795
2.257650
2.230883
2.207302
2.200929
2.170337
2.132736
2.100870
2.074102
2.058807
2.044786
2.025029
2.028853
2.023754
2.026941
2.025029
2.054345
2.046060
2.054345
2.055620
2.063905
2.069004
2.079838
2.080475
2.081113
2.074740
2.080475
2.079201
2.082387
2.063268
2.059444
2.061356
2.042236
2.068366
2.067092
2.065180
2.053708
2.056257
2.042874
2.064543
2.074740
2.080475
2.111067
2.127000
2.119989
2.111067
2.085574
2.068366
2.050522
2.009733
2.025029
2.018656
2.023117
2.025029
2.036500
2.026941
2.035863
2.037138
2.053071
2.114891
2.225784
2.392762
2.597341
2.694213
2.488359
1.845305
1.554050
1.698722
1.867611
1.970857
2.016106
2.027578
2.036500
2.035863
2.055620
2.058169
2.054983
2.046060
2.053071
2.063268
2.053708
2.058807
2.074740
2.077289
2.078564
2.095771
2.093859
2.108518
2.112341
2.134648
2.127637
2.121901
2.135922
2.130824
2.127000
2.128274
2.112341
2.093859
2.061993
2.028853
1.990614
1.972131
1.945364
1.925607
1.907762
1.899477
1.894378
1.895653
1.887368
1.891829
1.903938
1.909674
1.919871
1.917959
1.933255
1.930068
1.961934
1.943452
1.949825
1.951100
1.959385
1.940903
1.933892
1.926244
1.930706
1.923058
1.931343
1.942177
1.927519
1.938353
1.937079
1.933255
1.926244
1.936441
1.933892
1.927519
1.930706
1.923695
1.918597
1.943452
1.958748
1.961297
1.998261
2.000811
2.006547
1.991888
1.984240
1.966395
1.946001
1.923695
1.921783
1.912861
1.917322
1.916685
1.928794
1.941540
1.939628
1.945364
1.967670
2.025666
2.138471
2.327755
2.537433
2.631756
2.356434
1.603761
1.457178
1.639451
1.842118
1.931343
1.967670
1.972769
1.979779
1.993163
2.002723
1.983603
1.999536
1.997624
2.012920
2.017381
2.031402
2.037138
2.067092
2.059444
2.081750
2.077289
2.092585
2.107880
2.116165
2.140383
2.152492
2.163964
2.165876
2.189457
2.181172
2.174161
2.166514
2.151218
2.118077
2.086211
2.044786
2.014832
1.993163
1.975955
1.989339
1.978504
1.968307
1.978504
2.003360
2.009733
2.019930
2.039050
2.049884
2.053071
2.063905
2.070916
2.083025
2.080475
2.080475
2.084937
2.086849
2.086849
2.091947
2.100232
2.097683
2.110429
2.108518
2.109792
2.107880
2.114891
2.104694
2.115528
2.111704
2.104694
2.107243
2.106606
2.118715
2.118077
2.120627
2.118715
2.142933
2.151855
2.195193
2.199017
2.209851
2.223872
2.202203
2.186270
2.186908
2.169700
2.134010
2.129549
2.128274
2.122539
2.125725
2.132736
2.136560
2.142295
2.144207
2.162690
2.199654
2.301625
2.488359
2.698037
2.812755
2.658524
1.957473
1.636902
1.814714
2.019930
2.137197
2.166514
2.186270
2.193281
2.202203
2.204753
2.213675
2.211763
2.207302
2.201566
2.227059
2.220048
2.226421
2.237256
2.244266
2.259562
2.274858
2.273583
2.288241
2.309273
2.305449
2.320745
2.321382
2.339864
2.331579
2.339864
2.336040
2.326480
2.304812
2.290791
2.256375
2.210488
2.169063
2.141658
2.129549
2.112341
2.125088
2.121901
2.128274
2.127000
2.139109
2.139746
2.149306
2.160778
2.176711
2.181809
2.188820
2.193918
2.197105
2.199654
2.193918
2.186270
2.179260
2.195830
2.182446
2.175436
2.164602
2.178623
2.163327
2.158866
2.149306
2.149943
2.156316
2.161415
2.152492
2.151855
2.146757
2.144845
2.156316
2.158228
2.159503
2.158228
2.166514
2.175436
2.200929
2.212400
2.237893
2.223872
2.246178
2.228333
2.228333
2.211126
2.207939
2.172249
2.162052
2.159503
2.155042
2.167788
2.167788
2.173524
2.180535
2.193918
2.192644
2.241717
2.325843
2.504292
2.717157
2.870113
2.758583
2.075377
1.674503
1.826185
2.052433
2.149306
2.219411
2.221960
2.233432
2.234069
2.242354
2.249365
2.253826
2.249365
2.268484
2.272308
2.274858
2.282506
2.281868
2.284417
2.297164
2.300350
2.318195
2.336678
2.348149
2.359621
2.351336
2.383839
2.381290
2.382565
2.399772
2.404233
2.383839
2.361533
2.334128
2.287604
2.250640
2.223235
2.199654
2.169063
2.142295
2.145482
2.135922
2.142295
2.151855
2.158866
2.149943
2.165239
2.147394
2.167151
2.177985
2.192006
2.185633
2.180535
2.186908
2.184996
2.169063
2.179260
2.160140
2.163327
2.148669
2.161415
2.146119
2.134648
2.136560
2.149943
2.159503
2.133373
2.145482
2.142295
2.130824
2.114253
2.140383
2.132736
2.130824
2.142295
2.150581
2.148669
2.169063
2.169700
2.159503
2.162690
2.145482
2.129549
2.101507
2.065817
2.070278
2.069641
2.080475
2.084937
2.087486
2.083662
2.074102
2.084299
2.107243
2.186908
2.320745
2.487085
2.706322
2.729266
2.363445
1.688524
1.623518
1.779024
1.952374
2.019930
2.064543
2.068366
2.090035
2.100870
2.102144
2.103419
2.102782
2.118715
2.116803
2.116803
2.122539
2.139746
2.135922
2.142295
2.150581
2.153130
2.159503
2.179897
2.177985
2.194556
2.207302
2.218774
2.216224
2.223872
2.223872
2.218774
2.218774
2.184358
2.174799
2.128274
2.088761
2.067729
2.047335
2.016744
2.028215
2.007184
2.017381
2.012920
2.028215
2.023754
2.035863
2.033951
2.040962
2.057532
2.054345
2.072190
2.065817
2.073465
2.070916
2.073465
2.076652
2.079201
2.076652
2.074102
2.073465
2.077926
2.083025
2.067729
2.069641
2.081113
2.077289
2.079201
2.079201
2.064543
2.097683
2.093859
2.119989
2.135285
2.158228
2.168425
2.166514
2.141021
2.121901
2.133373
2.097683
2.091310
2.069641
2.094496
2.086849
2.093859
2.095771
2.119352
2.111067
2.119352
2.135922
2.220686
2.341139
2.518313
2.761769
2.780251
2.453307
1.777749
1.711468
1.856777
2.005272
2.095134
2.138471
2.146757
2.159503
2.166514
2.170337
2.170337
2.183084
2.183721
2.181172
2.181172
2.179260
2.190732
2.186908
2.199654
2.203478
2.213675
2.223872
2.235981
2.234069
2.257650
2.258925
2.267847
2.259562
2.257013
2.260837
2.259562
2.245541
2.222598
2.190732
2.142933
2.117440
2.083025
2.072190
2.047972
2.048610
2.042874
2.039687
2.033314
2.031402
2.031402
2.038412
2.043511
2.049884
2.052433
2.070916
2.067092
2.056895
2.070278
2.069004
2.069641
2.053708
2.065180
2.071553
2.069641
2.060081
2.052433
2.063268
2.046698
2.049884
2.061356
2.052433
2.047335
2.047972
2.056257
2.053708
2.059444
2.064543
2.072828
2.086211
2.098958
2.112979
2.114891
2.105968
2.083662
2.071553
2.051796
2.024391
2.016106
1.998899
2.009733
2.011008
2.014832
2.021205
2.025666
2.022479
2.019930
2.050522
2.148669
2.295889
2.476888
2.663622
2.619647
2.104056
1.518998
1.604398
1.800055
1.952374
2.007184
2.025029
2.030127
2.046060
2.048610
2.053071
2.030765
2.055620
2.054983
2.059444
2.077289
2.061993
2.079201
2.081113
2.111704
2.108518
2.115528
2.137197
2.142933
2.148031
2.151218
2.160778
2.193281
2.199017
2.181809
2.193918
2.177348
2.176073
2.120627
2.103419
2.062631
2.037138
2.002723
1.999536
1.972769
1.988064
1.977867
1.991251
1.985515
1.995712
2.000811
2.009096
2.004635
2.005909
2.023117
2.023754
2.032039
2.035863
2.050522
2.049884
2.061993
2.062631
2.060719
2.058807
2.053071
2.060719
2.070916
2.061993
2.054983
2.072190
2.067729
2.068366
2.059444
2.068366
2.063268
2.066454
2.072828
2.078564
2.090035
2.123176
2.132736
2.150581
2.162690
2.165239
2.139746
2.134648
2.111704
2.080475
2.088123
2.073465
2.085574
2.074740
2.090673
2.090673
2.104056
2.108518
2.111704
2.136560
2.231520
2.392124
2.569936
2.752847
2.774516
2.306724
1.648373
1.717841
1.927519
2.079838
2.140383
2.195830
2.193918
2.214312
2.217499
2.230883
2.233432
2.255738
2.250002
2.279956
2.279319
2.287604
2.307361
2.312459
2.321382
2.326480
2.339864
2.343051
2.366632
2.373005
2.381927
2.393399
2.409969
2.411881
2.412519
2.403596
2.412519
2.372367
2.365994
2.347512
2.295252
2.249365
2.239168
2.203478
2.193918
2.185633
2.168425
2.202203
2.186908
2.184996
2.216862
2.192006
2.220048
2.216862
2.230245
2.227059
2.228971
2.215587
2.240442
2.223235
2.218136
2.202841
2.220048
2.220048
2.213038
2.196467
2.202841
2.209214
2.190732
2.171612
2.157591
2.163327
2.148031
2.151218
2.138471
2.135285
2.125088
2.128912
2.115528
2.115528
2.125088
2.110429
2.132098
2.138471
2.155042
2.144845
2.113616
2.111704
2.093222
2.025666
2.034589
2.026941
2.022479
2.028853
2.039687
2.037775
2.049884
2.044148
2.067092
2.086211
2.177985
2.355797
2.552091
2.712058
2.606263
1.965758
1.503702
1.653472
1.861238
1.986790
2.035226
2.040324
2.037138
2.051159
2.046060
2.054345
2.065817
2.053071
2.054345
2.053071
2.050522
2.083025
2.071553
2.068366
2.085574
2.095771
2.121901
2.137834
2.153767
2.162052
2.173524
2.176711
2.190094
2.183084
2.177985
2.171612
2.141021
2.123813
2.092585
2.055620
2.009096
1.988702
1.946639
1.923058
1.919234
1.907762
1.902026
1.919234
1.909674
1.913498
1.917322
1.918597
1.914773
1.907762
1.931980
1.926244
1.925607
1.937716
1.924332
1.927519
1.940265
1.928156
1.926882
1.935804
1.936441
1.935167
1.917959
1.923058
1.916685
1.915410
1.915410
1.914135
1.902664
1.916047
