-1.562000e+003
-1.943000e+003
-2.714000e+003
-3.461000e+003
-4.570000e+003
-4.902000e+003
-4.589000e+003
-4.003000e+003
-3.129000e+003
-2.519000e+003
-1.938000e+003
-1.606000e+003
-1.372000e+003
-1.586000e+003
-2.490000e+003
-2.363000e+003
-1.489000e+003
-1.606000e+003
-1.406000e+003
-1.396000e+003
-2.080000e+003
-3.242000e+003
-3.144000e+003
-2.485000e+003
-2.465000e+003
-2.753000e+003
-2.465000e+003
-2.739000e+003
-3.120000e+003
-2.617000e+003
-2.119000e+003
-1.606000e+003
-1.630000e+003
-2.075000e+003
-2.832000e+003
-3.461000e+003
-3.266000e+003
-2.963000e+003
-2.968000e+003
-2.753000e+003
-2.285000e+003
-1.870000e+003
-2.514000e+003
-2.573000e+003
-2.094000e+003
-2.197000e+003
-2.294000e+003
-3.090000e+003
-3.632000e+003
-3.105000e+003
-2.290000e+003
-1.660000e+003
-8.740000e+002
-4.980000e+002
-4.340000e+002
-8.050000e+002
-9.570000e+002
-3.850000e+002
-3.460000e+002
-1.752000e+003
-2.695000e+003
-3.164000e+003
-2.534000e+003
-1.137000e+003
6.590000e+002
1.245000e+003
-2.240000e+002
-1.933000e+003
-2.929000e+003
-3.520000e+003
-3.408000e+003
-3.037000e+003
-2.402000e+003
-1.318000e+003
-1.750000e+002
3.070000e+002
-8.200000e+002
-2.636000e+003
-3.378000e+003
-3.666000e+003
-3.657000e+003
-2.700000e+003
-1.127000e+003
-1.900000e+001
8.250000e+002
8.100000e+002
-1.337000e+003
-3.754000e+003
-5.229000e+003
-5.478000e+003
-4.589000e+003
-2.241000e+003
-2.090000e+002
8.150000e+002
6.800000e+001
-1.752000e+003
-1.372000e+003
-8.250000e+002
-2.583000e+003
-4.912000e+003
-5.922000e+003
-5.522000e+003
-4.443000e+003
-3.496000e+003
-2.783000e+003
-2.231000e+003
-1.625000e+003
-1.782000e+003
-2.158000e+003
-2.119000e+003
-2.529000e+003
-3.569000e+003
-4.428000e+003
-4.692000e+003
-5.297000e+003
-4.868000e+003
-3.115000e+003
-2.910000e+003
-3.208000e+003
-2.592000e+003
-2.309000e+003
-2.280000e+003
-2.446000e+003
-2.353000e+003
-1.069000e+003
-4.880000e+002
-2.250000e+003
-5.068000e+003
-6.899000e+003
-6.811000e+003
-4.565000e+003
-1.992000e+003
-2.000000e+002
5.810000e+002
-4.930000e+002
-1.821000e+003
-3.427000e+003
-4.619000e+003
-5.219000e+003
-4.331000e+003
-3.041000e+003
-2.377000e+003
-1.494000e+003
-1.035000e+003
-5.560000e+002
-5.120000e+002
-1.801000e+003
-3.242000e+003
-3.178000e+003
-2.485000e+003
-2.436000e+003
-1.611000e+003
-1.410000e+002
5.710000e+002
-4.980000e+002
-2.763000e+003
-3.989000e+003
-3.491000e+003
-2.431000e+003
-1.679000e+003
-1.748000e+003
-1.025000e+003
6.390000e+002
1.523000e+003
2.167000e+003
1.059000e+003
-1.767000e+003
-3.579000e+003
-3.896000e+003
-3.286000e+003
-2.846000e+003
-2.480000e+003
-2.016000e+003
-5.370000e+002
6.640000e+002
1.918000e+003
2.148000e+003
-5.020000e+002
-3.872000e+003
-5.205000e+003
-5.932000e+003
-6.323000e+003
-5.786000e+003
-4.829000e+003
-3.061000e+003
-1.250000e+003
1.400000e+001
1.166000e+003
1.557000e+003
4.240000e+002
-1.181000e+003
-2.104000e+003
-3.989000e+003
-5.468000e+003
-5.546000e+003
-4.702000e+003
-3.911000e+003
-2.597000e+003
-1.347000e+003
-1.494000e+003
-1.621000e+003
-1.210000e+003
-1.225000e+003
-1.425000e+003
-1.660000e+003
-1.923000e+003
-2.656000e+003
-3.491000e+003
-3.393000e+003
-3.295000e+003
-3.300000e+003
-2.529000e+003
-2.055000e+003
-1.328000e+003
-1.503000e+003
-1.752000e+003
-1.064000e+003
-1.040000e+003
-2.236000e+003
-3.955000e+003
-4.731000e+003
-4.223000e+003
-3.364000e+003
-1.821000e+003
-9.170000e+002
-4.780000e+002
-8.200000e+002
-3.032000e+003
-5.332000e+003
-5.898000e+003
-5.190000e+003
-4.101000e+003
-2.578000e+003
-1.401000e+003
-6.980000e+002
-1.040000e+003
-2.084000e+003
-3.339000e+003
-4.213000e+003
-4.462000e+003
-4.570000e+003
-4.360000e+003
-4.399000e+003
-3.715000e+003
-2.856000e+003
-2.124000e+003
-2.055000e+003
-2.553000e+003
-2.055000e+003
-2.226000e+003
-3.500000e+003
-4.379000e+003
-4.653000e+003
-3.759000e+003
-3.193000e+003
-2.978000e+003
-2.407000e+003
-1.621000e+003
-9.960000e+002
-4.630000e+002
-9.220000e+002
-2.700000e+003
-3.398000e+003
-3.383000e+003
-2.812000e+003
-1.567000e+003
3.270000e+002
-9.200000e+001
-1.176000e+003
-1.616000e+003
-1.928000e+003
-2.407000e+003
-2.778000e+003
-1.938000e+003
-4.730000e+002
6.730000e+002
1.259000e+003
1.274000e+003
2.530000e+002
-3.270000e+002
-6.640000e+002
-9.470000e+002
-1.293000e+003
-1.650000e+003
-1.474000e+003
-5.660000e+002
-4.240000e+002
-8.540000e+002
-1.201000e+003
-1.611000e+003
-1.899000e+003
-1.118000e+003
-5.850000e+002
-9.520000e+002
-1.279000e+003
-1.137000e+003
-9.170000e+002
-1.352000e+003
-2.270000e+003
-2.348000e+003
-1.572000e+003
-1.044000e+003
-1.560000e+002
5.270000e+002
5.710000e+002
6.250000e+002
5.660000e+002
-4.830000e+002
-2.797000e+003
-2.998000e+003
-1.621000e+003
-1.455000e+003
-7.950000e+002
9.570000e+002
1.801000e+003
1.245000e+003
3.710000e+002
-1.362000e+003
-2.524000e+003
-2.724000e+003
-3.237000e+003
-2.304000e+003
-7.420000e+002
6.490000e+002
1.674000e+003
1.977000e+003
1.782000e+003
1.220000e+002
-2.436000e+003
-3.657000e+003
-3.740000e+003
-3.164000e+003
-2.075000e+003
-9.710000e+002
-7.800000e+001
1.450000e+003
3.110000e+003
2.016000e+003
-8.300000e+002
-1.938000e+003
-2.514000e+003
-3.037000e+003
-3.476000e+003
-3.769000e+003
-2.832000e+003
-1.406000e+003
2.400000e+001
5.900000e+002
-7.420000e+002
-2.949000e+003
-3.569000e+003
-3.569000e+003
-3.745000e+003
-2.866000e+003
-1.762000e+003
-1.274000e+003
-8.390000e+002
-2.000000e+002
-2.190000e+002
-1.547000e+003
-3.764000e+003
-4.882000e+003
-4.653000e+003
-4.321000e+003
-3.852000e+003
-3.222000e+003
-3.193000e+003
-2.167000e+003
-4.000000e+002
-2.400000e+001
3.170000e+002
8.100000e+002
-3.360000e+002
-1.435000e+003
-1.870000e+003
-2.333000e+003
-3.115000e+003
-3.579000e+003
-3.383000e+003
-2.573000e+003
-1.357000e+003
-5.950000e+002
-9.030000e+002
-1.645000e+003
-1.855000e+003
-2.016000e+003
-1.865000e+003
-1.845000e+003
-2.309000e+003
-2.563000e+003
-2.490000e+003
-1.655000e+003
-8.640000e+002
-6.250000e+002
-4.800000e+001
-2.580000e+002
-1.113000e+003
-2.065000e+003
-3.144000e+003
-3.896000e+003
-4.384000e+003
-4.282000e+003
-2.788000e+003
-1.293000e+003
-1.567000e+003
-2.407000e+003
-2.758000e+003
-3.369000e+003
-3.950000e+003
-4.604000e+003
-4.702000e+003
-3.583000e+003
-2.558000e+003
-2.734000e+003
-2.729000e+003
-3.007000e+003
-3.696000e+003
-4.067000e+003
-4.438000e+003
-4.057000e+003
-3.022000e+003
-2.890000e+003
-2.124000e+003
-1.103000e+003
-1.445000e+003
-2.680000e+003
-3.325000e+003
-3.178000e+003
-2.314000e+003
-2.119000e+003
-2.807000e+003
-2.553000e+003
-1.625000e+003
-1.791000e+003
-2.353000e+003
-2.290000e+003
-1.982000e+003
-1.899000e+003
-1.943000e+003
-2.714000e+003
-4.423000e+003
-4.804000e+003
-4.833000e+003
-4.892000e+003
-4.384000e+003
-3.808000e+003
-3.735000e+003
-3.134000e+003
-2.719000e+003
-2.802000e+003
-3.476000e+003
-4.365000e+003
-4.375000e+003
-3.847000e+003
-3.344000e+003
-2.343000e+003
-1.782000e+003
-1.743000e+003
-2.558000e+003
-2.968000e+003
-2.871000e+003
-2.631000e+003
-1.777000e+003
-1.318000e+003
-1.411000e+003
-1.923000e+003
-2.192000e+003
-2.075000e+003
-2.314000e+003
-1.738000e+003
-1.020000e+003
-6.440000e+002
-8.640000e+002
-1.289000e+003
-1.313000e+003
-1.513000e+003
-8.490000e+002
3.900000e+001
-3.950000e+002
-1.835000e+003
-2.758000e+003
-3.227000e+003
-3.442000e+003
-2.675000e+003
-1.616000e+003
-6.730000e+002
1.660000e+002
5.300000e+001
-1.274000e+003
-2.080000e+003
-2.270000e+003
-2.617000e+003
-2.319000e+003
-1.831000e+003
-1.162000e+003
-5.320000e+002
1.700000e+002
2.340000e+002
-8.300000e+002
-1.831000e+003
-2.807000e+003
-3.251000e+003
-3.120000e+003
-1.816000e+003
-4.800000e+001
1.840000e+003
2.709000e+003
2.182000e+003
7.510000e+002
-4.000000e+002
-1.123000e+003
-1.611000e+003
-1.049000e+003
-1.360000e+002
2.920000e+002
6.390000e+002
1.010000e+003
1.743000e+003
2.480000e+003
1.352000e+003
-7.030000e+002
-1.870000e+003
-2.109000e+003
-2.504000e+003
-2.714000e+003
-2.500000e+003
-1.523000e+003
-4.630000e+002
1.142000e+003
1.362000e+003
-2.730000e+002
-1.962000e+003
-2.573000e+003
-3.442000e+003
-4.179000e+003
-3.603000e+003
-1.782000e+003
1.260000e+002
1.093000e+003
1.254000e+003
8.250000e+002
-1.328000e+003
-3.129000e+003
-3.276000e+003
-2.490000e+003
-1.831000e+003
-1.279000e+003
-5.710000e+002
-4.730000e+002
1.900000e+001
1.337000e+003
1.596000e+003
5.120000e+002
-1.137000e+003
-2.348000e+003
-2.719000e+003
-2.973000e+003
-3.364000e+003
-3.032000e+003
-1.611000e+003
3.400000e+001
8.640000e+002
1.127000e+003
6.780000e+002
-3.170000e+002
-9.810000e+002
-2.006000e+003
-2.231000e+003
-2.377000e+003
-2.465000e+003
-1.899000e+003
-1.342000e+003
-1.357000e+003
-1.450000e+003
-1.547000e+003
-2.397000e+003
-2.871000e+003
-2.719000e+003
-1.811000e+003
-1.040000e+003
-9.860000e+002
-1.127000e+003
-1.425000e+003
-2.128000e+003
-2.094000e+003
-1.821000e+003
-2.348000e+003
-2.480000e+003
-2.407000e+003
-2.338000e+003
-1.362000e+003
-6.640000e+002
-6.730000e+002
-9.610000e+002
-7.660000e+002
-6.880000e+002
-4.730000e+002
-6.300000e+001
-6.200000e+002
-5.900000e+002
-4.050000e+002
-9.960000e+002
-9.860000e+002
-1.074000e+003
-1.699000e+003
-1.347000e+003
-5.510000e+002
-3.460000e+002
-4.980000e+002
-1.372000e+003
-1.660000e+003
-8.000000e+002
-6.000000e+002
-1.088000e+003
-1.801000e+003
-2.358000e+003
-2.231000e+003
-1.684000e+003
-1.777000e+003
-2.998000e+003
-4.233000e+003
-4.423000e+003
-3.828000e+003
-3.237000e+003
-2.714000e+003
-1.357000e+003
-9.370000e+002
-1.582000e+003
-2.060000e+003
-2.182000e+003
-2.255000e+003
-1.718000e+003
-1.591000e+003
-1.875000e+003
-1.962000e+003
-1.625000e+003
-1.987000e+003
-3.295000e+003
-3.813000e+003
-3.740000e+003
-2.695000e+003
-1.528000e+003
-1.655000e+003
-2.509000e+003
-2.666000e+003
-1.821000e+003
-9.270000e+002
-9.810000e+002
-2.480000e+003
-3.281000e+003
-3.120000e+003
-2.651000e+003
-2.221000e+003
-2.250000e+003
-2.363000e+003
-1.269000e+003
4.050000e+002
7.370000e+002
-4.100000e+002
-9.130000e+002
-1.274000e+003
-1.191000e+003
-1.489000e+003
-1.684000e+003
-8.250000e+002
-4.730000e+002
-4.240000e+002
6.300000e+001
-3.900000e+001
-8.830000e+002
-1.699000e+003
-1.840000e+003
-1.923000e+003
-1.542000e+003
-7.860000e+002
-1.103000e+003
-1.000000e+003
-5.120000e+002
-9.470000e+002
-1.157000e+003
-9.760000e+002
-1.250000e+003
-1.943000e+003
-1.713000e+003
-7.220000e+002
-1.400000e+001
2.240000e+002
1.293000e+003
1.899000e+003
1.284000e+003
4.930000e+002
-1.010000e+003
-1.967000e+003
-1.943000e+003
-2.001000e+003
-1.743000e+003
-7.270000e+002
9.080000e+002
1.484000e+003
1.560000e+002
-1.821000e+003
-3.422000e+003
-4.672000e+003
-5.014000e+003
-4.018000e+003
-2.866000e+003
-2.255000e+003
-9.420000e+002
3.220000e+002
1.264000e+003
2.045000e+003
7.560000e+002
-6.880000e+002
-1.181000e+003
-1.523000e+003
-1.811000e+003
-1.625000e+003
-8.150000e+002
-4.490000e+002
4.300000e+001
7.080000e+002
8.880000e+002
3.660000e+002
-9.960000e+002
-1.840000e+003
-2.690000e+003
-3.652000e+003
-2.895000e+003
-1.660000e+003
-1.152000e+003
-1.337000e+003
-1.269000e+003
-1.054000e+003
-1.274000e+003
-1.928000e+003
-2.348000e+003
-2.939000e+003
-3.486000e+003
-3.256000e+003
-2.158000e+003
-1.474000e+003
-1.606000e+003
-1.489000e+003
-8.050000e+002
-7.510000e+002
-1.469000e+003
-2.109000e+003
-2.802000e+003
-3.471000e+003
-3.696000e+003
