3.950000e+002
7.800000e+001
-1.108000e+003
-1.992000e+003
-3.056000e+003
-3.281000e+003
-2.651000e+003
-2.363000e+003
-1.938000e+003
-1.015000e+003
-9.860000e+002
-7.220000e+002
3.400000e+001
-7.300000e+001
-9.220000e+002
-1.171000e+003
-5.660000e+002
-6.200000e+002
-1.660000e+002
-6.730000e+002
-8.390000e+002
-1.264000e+003
-1.484000e+003
-1.308000e+003
-9.760000e+002
-7.120000e+002
-1.308000e+003
-1.528000e+003
-9.030000e+002
-1.113000e+003
-1.289000e+003
-1.484000e+003
-2.553000e+003
-2.397000e+003
-2.382000e+003
-3.125000e+003
-2.397000e+003
-2.036000e+003
-2.758000e+003
-3.212000e+003
-4.121000e+003
-3.818000e+003
-3.037000e+003
-2.744000e+003
-3.803000e+003
-4.033000e+003
-3.085000e+003
-2.338000e+003
-2.431000e+003
-2.753000e+003
-2.744000e+003
-2.114000e+003
-1.679000e+003
-3.610000e+002
7.710000e+002
9.200000e+001
-1.362000e+003
-2.763000e+003
-2.265000e+003
-1.938000e+003
-2.402000e+003
-3.803000e+003
-4.887000e+003
-3.710000e+003
-1.323000e+003
9.810000e+002
6.590000e+002
4.830000e+002
-1.171000e+003
-4.223000e+003
-5.590000e+003
-4.672000e+003
-2.841000e+003
-1.547000e+003
-1.360000e+002
1.791000e+003
1.586000e+003
3.400000e+001
-7.320000e+002
-1.240000e+003
-8.640000e+002
-4.390000e+002
-8.150000e+002
-2.530000e+002
5.510000e+002
3.900000e+001
-1.840000e+003
-3.769000e+003
-5.087000e+003
-5.146000e+003
-3.959000e+003
-1.748000e+003
-4.880000e+002
7.300000e+001
-1.800000e+002
-1.250000e+003
-7.220000e+002
-3.070000e+002
-1.250000e+003
-3.325000e+003
-5.141000e+003
-6.450000e+003
-5.957000e+003
-4.321000e+003
-4.106000e+003
-3.369000e+003
-1.972000e+003
-2.666000e+003
-3.564000e+003
-4.003000e+003
-3.828000e+003
-4.091000e+003
-5.312000e+003
-4.882000e+003
-4.541000e+003
-4.062000e+003
-2.705000e+003
-2.524000e+003
-1.650000e+003
-1.860000e+003
-2.695000e+003
-2.597000e+003
-2.045000e+003
-1.562000e+003
-6.150000e+002
-2.970000e+002
-2.202000e+003
-4.868000e+003
-7.460000e+003
-6.821000e+003
-4.545000e+003
-2.246000e+003
-6.300000e+001
1.562000e+003
1.411000e+003
4.800000e+001
-1.777000e+003
-3.496000e+003
-3.940000e+003
-3.955000e+003
-4.028000e+003
-3.720000e+003
-3.354000e+003
-1.816000e+003
-2.290000e+002
1.310000e+002
-9.000000e+000
-1.889000e+003
-3.447000e+003
-3.984000e+003
-4.204000e+003
-2.622000e+003
-9.470000e+002
-2.440000e+002
-8.880000e+002
-3.066000e+003
-3.334000e+003
-2.719000e+003
-1.166000e+003
-1.660000e+002
-7.370000e+002
4.580000e+002
2.397000e+003
3.164000e+003
2.636000e+003
1.420000e+003
-8.980000e+002
-1.333000e+003
-1.025000e+003
-1.562000e+003
-1.547000e+003
-1.918000e+003
-1.997000e+003
3.800000e+002
1.655000e+003
1.318000e+003
1.235000e+003
2.780000e+002
-2.094000e+003
-4.213000e+003
-4.682000e+003
-4.331000e+003
-3.647000e+003
-2.919000e+003
-8.880000e+002
1.499000e+003
2.636000e+003
3.784000e+003
4.038000e+003
2.041000e+003
-8.390000e+002
-2.280000e+003
-2.944000e+003
-3.911000e+003
-3.554000e+003
-1.484000e+003
-9.080000e+002
4.000000e+000
1.054000e+003
8.980000e+002
1.510000e+002
4.150000e+002
3.850000e+002
-7.710000e+002
-1.450000e+003
-2.045000e+003
-2.631000e+003
-2.768000e+003
-2.446000e+003
-2.397000e+003
-2.792000e+003
-2.333000e+003
-1.391000e+003
-8.830000e+002
-1.113000e+003
-1.933000e+003
-1.416000e+003
-1.030000e+003
-2.563000e+003
-3.432000e+003
-2.480000e+003
-2.094000e+003
-2.500000e+003
-1.191000e+003
-4.150000e+002
-5.170000e+002
-9.910000e+002
-2.622000e+003
-4.018000e+003
-3.510000e+003
-3.051000e+003
-2.026000e+003
-1.098000e+003
-1.069000e+003
-2.124000e+003
-1.992000e+003
-3.071000e+003
-5.278000e+003
-4.125000e+003
-2.924000e+003
-3.564000e+003
-4.252000e+003
-4.477000e+003
-4.243000e+003
-3.344000e+003
-2.148000e+003
-2.299000e+003
-2.055000e+003
-2.001000e+003
-2.817000e+003
-3.061000e+003
-4.135000e+003
-5.126000e+003
-4.301000e+003
-3.530000e+003
-2.963000e+003
-2.500000e+003
-1.108000e+003
0.000000e+000
3.070000e+002
2.050000e+002
-7.760000e+002
-1.372000e+003
-2.661000e+003
-2.260000e+003
-1.577000e+003
-1.118000e+003
-2.580000e+002
8.780000e+002
-2.050000e+002
-5.510000e+002
9.200000e+001
-1.323000e+003
-1.757000e+003
-8.590000e+002
-3.750000e+002
-8.000000e+002
-5.460000e+002
1.005000e+003
1.181000e+003
1.284000e+003
8.490000e+002
-1.360000e+002
-1.557000e+003
-2.807000e+003
-2.934000e+003
-2.382000e+003
-2.329000e+003
-1.611000e+003
-1.108000e+003
-1.850000e+002
1.137000e+003
1.083000e+003
3.710000e+002
3.020000e+002
-3.710000e+002
-2.143000e+003
-2.514000e+003
-1.538000e+003
-3.800000e+002
6.200000e+002
1.137000e+003
2.851000e+003
2.446000e+003
1.220000e+003
7.320000e+002
8.390000e+002
9.470000e+002
7.320000e+002
1.171000e+003
1.562000e+003
4.050000e+002
5.510000e+002
1.865000e+003
1.601000e+003
1.030000e+003
6.590000e+002
-8.640000e+002
-1.489000e+003
-8.250000e+002
-7.470000e+002
-3.400000e+001
4.000000e+000
5.760000e+002
2.529000e+003
2.573000e+003
1.953000e+003
-2.400000e+001
-1.606000e+003
-2.216000e+003
-3.144000e+003
-3.022000e+003
-2.065000e+003
-1.943000e+003
-3.950000e+002
1.552000e+003
3.554000e+003
3.403000e+003
6.050000e+002
-6.490000e+002
-1.342000e+003
-1.875000e+003
-2.172000e+003
-3.325000e+003
-3.046000e+003
-1.845000e+003
-5.950000e+002
-5.270000e+002
-2.390000e+002
-2.390000e+002
-4.240000e+002
-7.810000e+002
-1.489000e+003
-1.850000e+003
-1.699000e+003
-1.323000e+003
-1.215000e+003
-1.328000e+003
-6.590000e+002
-1.279000e+003
-3.291000e+003
-4.233000e+003
-3.920000e+003
-4.609000e+003
-4.394000e+003
-3.081000e+003
-3.056000e+003
-2.148000e+003
-1.821000e+003
-1.538000e+003
-1.113000e+003
4.800000e+001
-2.240000e+002
-1.020000e+002
-1.700000e+002
-8.880000e+002
-2.519000e+003
-4.340000e+003
-4.970000e+003
-4.799000e+003
-3.291000e+003
-1.230000e+003
-7.810000e+002
-1.260000e+002
-1.070000e+002
-2.680000e+002
-7.610000e+002
-1.337000e+003
-2.309000e+003
-2.519000e+003
-2.133000e+003
-1.660000e+003
-3.170000e+002
3.020000e+002
2.143000e+003
1.972000e+003
1.455000e+003
1.162000e+003
-7.320000e+002
-3.051000e+003
-3.754000e+003
-3.955000e+003
-2.861000e+003
-1.360000e+002
3.270000e+002
5.070000e+002
1.738000e+003
1.801000e+003
6.340000e+002
-4.190000e+002
-1.557000e+003
-1.835000e+003
-1.801000e+003
-8.200000e+002
-1.950000e+002
7.300000e+001
1.513000e+003
1.948000e+003
1.044000e+003
1.310000e+002
7.220000e+002
3.460000e+002
-1.120000e+002
-2.140000e+002
9.960000e+002
1.284000e+003
5.510000e+002
-4.050000e+002
-1.142000e+003
-1.772000e+003
-2.636000e+003
-2.182000e+003
-1.049000e+003
-9.860000e+002
-1.645000e+003
-1.098000e+003
-4.930000e+002
-1.123000e+003
-1.909000e+003
-2.622000e+003
-3.681000e+003
-4.296000e+003
-4.052000e+003
-3.540000e+003
-2.397000e+003
-2.055000e+003
-1.850000e+003
-9.610000e+002
-7.860000e+002
-1.660000e+003
-1.860000e+003
-2.441000e+003
-2.255000e+003
-1.767000e+003
-1.347000e+003
-1.308000e+003
-1.137000e+003
-1.562000e+003
-1.953000e+003
-2.368000e+003
-2.421000e+003
-9.710000e+002
-3.270000e+002
2.340000e+002
2.390000e+002
-3.170000e+002
-5.560000e+002
2.880000e+002
4.240000e+002
9.270000e+002
1.811000e+003
1.694000e+003
9.080000e+002
4.340000e+002
7.560000e+002
4.190000e+002
3.900000e+002
2.490000e+002
0.000000e+000
-1.162000e+003
-1.098000e+003
-6.980000e+002
-5.660000e+002
-3.510000e+002
-3.710000e+002
7.760000e+002
1.289000e+003
1.950000e+002
-5.070000e+002
2.900000e+001
1.093000e+003
6.250000e+002
-4.100000e+002
4.680000e+002
1.800000e+002
-2.530000e+002
2.340000e+002
3.270000e+002
5.810000e+002
3.070000e+002
-5.560000e+002
-1.420000e+003
-1.401000e+003
2.680000e+002
1.684000e+003
1.992000e+003
2.407000e+003
2.905000e+003
2.587000e+003
1.616000e+003
4.580000e+002
-5.220000e+002
-2.830000e+002
-1.360000e+002
6.590000e+002
2.412000e+003
3.168000e+003
2.670000e+003
2.143000e+003
8.640000e+002
-3.360000e+002
-2.920000e+002
-8.440000e+002
-2.065000e+003
-2.309000e+003
-1.831000e+003
-1.171000e+003
1.070000e+002
5.850000e+002
1.572000e+003
2.070000e+003
2.241000e+003
1.411000e+003
-2.680000e+002
-1.372000e+003
-1.147000e+003
-5.800000e+001
6.390000e+002
1.948000e+003
2.944000e+003
3.964000e+003
3.471000e+003
1.484000e+003
1.030000e+003
1.460000e+002
-2.190000e+002
-3.850000e+002
-8.880000e+002
-1.323000e+003
-5.660000e+002
1.147000e+003
2.714000e+003
3.002000e+003
2.719000e+003
1.323000e+003
4.000000e+000
-1.113000e+003
-1.669000e+003
-1.835000e+003
-1.088000e+003
7.300000e+001
1.186000e+003
1.855000e+003
3.120000e+003
2.270000e+003
8.000000e+002
-2.920000e+002
-2.050000e+003
-3.476000e+003
-3.554000e+003
-2.402000e+003
-1.562000e+003
-1.015000e+003
-7.950000e+002
-4.240000e+002
-1.079000e+003
-1.171000e+003
-5.170000e+002
4.830000e+002
5.270000e+002
1.260000e+002
3.070000e+002
6.680000e+002
-3.950000e+002
-4.050000e+002
1.260000e+002
-8.300000e+001
-5.170000e+002
-4.300000e+001
1.430000e+003
2.753000e+003
2.695000e+003
2.548000e+003
2.548000e+003
1.250000e+003
1.166000e+003
2.050000e+003
2.377000e+003
2.045000e+003
1.958000e+003
1.967000e+003
1.020000e+003
8.000000e+002
8.640000e+002
1.120000e+002
1.460000e+002
1.118000e+003
1.235000e+003
1.279000e+003
7.860000e+002
9.420000e+002
7.710000e+002
8.300000e+001
-2.680000e+002
-9.610000e+002
-2.626000e+003
-3.149000e+003
-2.182000e+003
-1.435000e+003
-8.980000e+002
-6.980000e+002
-1.044000e+003
-1.469000e+003
-1.987000e+003
-2.592000e+003
-2.500000e+003
-1.997000e+003
-1.679000e+003
-1.538000e+003
-6.200000e+002
-3.560000e+002
7.910000e+002
1.210000e+003
5.070000e+002
4.300000e+001
-1.120000e+002
-1.547000e+003
-2.700000e+003
-1.992000e+003
-1.347000e+003
1.900000e+001
1.079000e+003
1.083000e+003
2.090000e+002
-4.580000e+002
-9.370000e+002
-1.560000e+002
-2.730000e+002
-1.210000e+003
-1.694000e+003
-1.235000e+003
-1.010000e+003
-8.390000e+002
-9.220000e+002
-1.108000e+003
-5.270000e+002
4.340000e+002
-1.700000e+002
-1.284000e+003
-1.835000e+003
-2.070000e+003
-1.523000e+003
-1.035000e+003
-1.313000e+003
-5.610000e+002
-3.400000e+001
-3.410000e+002
2.830000e+002
1.610000e+002
-1.635000e+003
-1.914000e+003
-1.157000e+003
-1.411000e+003
-2.724000e+003
-2.309000e+003
-1.425000e+003
-1.254000e+003
-1.782000e+003
-1.801000e+003
-1.069000e+003
-9.030000e+002
-1.518000e+003
-1.918000e+003
-1.230000e+003
3.400000e+001
-1.900000e+001
-2.530000e+002
1.132000e+003
1.469000e+003
9.610000e+002
8.980000e+002
-6.930000e+002
-1.650000e+003
-1.503000e+003
-1.074000e+003
-4.980000e+002
-8.540000e+002
-1.035000e+003
-3.170000e+002
-1.410000e+002
-1.191000e+003
-2.192000e+003
-2.993000e+003
-2.836000e+003
-1.796000e+003
-1.289000e+003
-2.340000e+002
1.660000e+002
1.513000e+003
3.203000e+003
3.159000e+003
2.812000e+003
1.718000e+003
5.320000e+002
-5.120000e+002
-1.460000e+002
-4.800000e+001
-3.710000e+002
3.070000e+002
-2.050000e+002
-2.340000e+002
1.440000e+003
2.011000e+003
1.254000e+003
7.320000e+002
-4.730000e+002
-1.113000e+003
-1.782000e+003
-1.142000e+003
-6.680000e+002
-9.710000e+002
-1.723000e+003
-1.528000e+003
-5.660000e+002
-5.320000e+002
-8.830000e+002
-2.045000e+003
-1.821000e+003
-1.176000e+003
-1.303000e+003
-9.760000e+002
-4.630000e+002
4.100000e+002
2.011000e+003
2.285000e+003
1.684000e+003
6.300000e+001
-5.560000e+002
2.240000e+002
5.270000e+002
