-2.211000e+003
-1.801000e+003
-2.241000e+003
-2.641000e+003
-3.017000e+003
-3.266000e+003
-3.051000e+003
-2.563000e+003
-2.226000e+003
-2.060000e+003
-2.416000e+003
-1.655000e+003
-6.340000e+002
-5.760000e+002
-8.780000e+002
-1.191000e+003
-7.760000e+002
-9.220000e+002
-5.410000e+002
-1.381000e+003
-1.904000e+003
-2.192000e+003
-1.708000e+003
-1.660000e+003
-2.583000e+003
-2.543000e+003
-2.138000e+003
-2.202000e+003
-2.343000e+003
-1.625000e+003
-1.699000e+003
-3.066000e+003
-3.696000e+003
-3.422000e+003
-3.847000e+003
-3.999000e+003
-2.661000e+003
-2.465000e+003
-2.880000e+003
-2.426000e+003
-3.442000e+003
-4.536000e+003
-5.219000e+003
-4.584000e+003
-3.676000e+003
-2.944000e+003
-2.807000e+003
-3.417000e+003
-4.580000e+003
-4.809000e+003
-4.697000e+003
-4.379000e+003
-3.305000e+003
-1.450000e+003
-1.064000e+003
-2.197000e+003
-2.597000e+003
-3.100000e+003
-3.090000e+003
-4.150000e+003
-5.512000e+003
-5.717000e+003
-5.058000e+003
-3.286000e+003
-2.504000e+003
-1.796000e+003
-2.104000e+003
-2.348000e+003
-3.388000e+003
-4.633000e+003
-5.590000e+003
-6.079000e+003
-6.015000e+003
-6.108000e+003
-4.677000e+003
-2.622000e+003
-1.694000e+003
-1.723000e+003
-2.587000e+003
-3.403000e+003
-3.349000e+003
-3.481000e+003
-4.243000e+003
-3.764000e+003
-3.393000e+003
-3.549000e+003
-3.085000e+003
-2.807000e+003
-3.647000e+003
-4.697000e+003
-4.238000e+003
-3.100000e+003
-2.724000e+003
-2.900000e+003
-2.924000e+003
-3.496000e+003
-2.812000e+003
-1.879000e+003
-2.773000e+003
-4.047000e+003
-4.687000e+003
-4.887000e+003
-3.466000e+003
-2.656000e+003
-3.452000e+003
-3.925000e+003
-4.477000e+003
-5.141000e+003
-4.560000e+003
-3.593000e+003
-2.148000e+003
-1.123000e+003
-2.451000e+003
-3.237000e+003
-3.071000e+003
-3.852000e+003
-4.746000e+003
-4.692000e+003
-3.334000e+003
-3.125000e+003
-3.671000e+003
-3.579000e+003
-2.568000e+003
-2.094000e+003
-1.528000e+003
-2.920000e+002
-8.150000e+002
-2.670000e+003
-4.873000e+003
-4.672000e+003
-3.530000e+003
-2.114000e+003
-1.206000e+003
-9.270000e+002
-2.001000e+003
-3.232000e+003
-4.370000e+003
-4.946000e+003
-3.666000e+003
-1.416000e+003
1.005000e+003
2.534000e+003
8.000000e+002
-8.300000e+002
-9.960000e+002
-8.830000e+002
-7.510000e+002
-1.948000e+003
-1.718000e+003
-1.303000e+003
-2.978000e+003
-3.745000e+003
-2.944000e+003
-1.411000e+003
-2.045000e+003
-3.227000e+003
-2.539000e+003
-1.215000e+003
-8.150000e+002
-1.933000e+003
-2.973000e+003
-2.148000e+003
-8.200000e+002
-4.880000e+002
-9.000000e+000
1.210000e+003
8.100000e+002
-5.070000e+002
-2.392000e+003
-4.204000e+003
-5.156000e+003
-5.473000e+003
-4.853000e+003
-3.500000e+003
-2.622000e+003
-1.137000e+003
-4.190000e+002
-1.079000e+003
-2.050000e+003
-3.647000e+003
-5.200000e+003
-5.629000e+003
-4.819000e+003
-3.574000e+003
-2.724000e+003
-2.358000e+003
-1.425000e+003
6.300000e+001
7.610000e+002
-3.950000e+002
-1.391000e+003
-2.084000e+003
-3.486000e+003
-4.790000e+003
-5.532000e+003
-4.360000e+003
-2.026000e+003
-2.050000e+002
4.190000e+002
-1.120000e+002
-8.880000e+002
-6.050000e+002
-1.704000e+003
-3.110000e+003
-4.003000e+003
-4.296000e+003
-3.999000e+003
-3.598000e+003
-2.934000e+003
-2.773000e+003
-3.129000e+003
-2.910000e+003
-3.081000e+003
-3.808000e+003
-4.345000e+003
-3.916000e+003
-1.645000e+003
1.049000e+003
2.006000e+003
-1.510000e+002
-2.480000e+003
-3.442000e+003
-4.038000e+003
-3.745000e+003
-3.715000e+003
-2.832000e+003
-1.250000e+003
-1.367000e+003
-3.149000e+003
-3.833000e+003
-5.034000e+003
-5.395000e+003
-4.199000e+003
-3.017000e+003
-2.778000e+003
-1.748000e+003
-1.835000e+003
-2.910000e+003
-2.636000e+003
-3.481000e+003
-4.892000e+003
-5.341000e+003
-4.418000e+003
-3.691000e+003
-3.452000e+003
-2.690000e+003
-2.011000e+003
-1.064000e+003
-1.098000e+003
-2.924000e+003
-4.541000e+003
-5.825000e+003
-5.776000e+003
-3.706000e+003
-2.207000e+003
-1.269000e+003
-2.680000e+002
1.596000e+003
2.216000e+003
5.760000e+002
-1.728000e+003
-3.173000e+003
-3.735000e+003
-4.506000e+003
-2.543000e+003
-7.300000e+001
1.381000e+003
1.264000e+003
7.810000e+002
-1.689000e+003
-3.334000e+003
-3.989000e+003
-4.150000e+003
-2.812000e+003
-1.494000e+003
4.190000e+002
1.435000e+003
4.630000e+002
-2.730000e+002
-1.196000e+003
-1.630000e+003
-1.821000e+003
-1.342000e+003
-1.152000e+003
-1.787000e+003
-1.630000e+003
-1.250000e+003
-8.340000e+002
-4.000000e+002
-1.098000e+003
-1.450000e+003
-1.406000e+003
-1.831000e+003
-2.329000e+003
-2.167000e+003
-1.494000e+003
-9.810000e+002
-4.780000e+002
-1.523000e+003
-2.700000e+003
-3.291000e+003
-3.408000e+003
-1.357000e+003
-6.440000e+002
-4.490000e+002
-4.000000e+000
-7.370000e+002
-2.124000e+003
-2.524000e+003
-1.870000e+003
-1.113000e+003
-2.880000e+002
1.040000e+003
1.689000e+003
8.340000e+002
-8.050000e+002
-2.783000e+003
-4.770000e+003
-5.151000e+003
-4.477000e+003
-3.164000e+003
-7.270000e+002
6.150000e+002
1.284000e+003
7.220000e+002
-1.718000e+003
-3.374000e+003
-4.414000e+003
-4.316000e+003
-3.618000e+003
-3.305000e+003
-1.352000e+003
1.406000e+003
1.762000e+003
1.308000e+003
1.181000e+003
2.021000e+003
1.376000e+003
-2.530000e+002
-9.220000e+002
-1.572000e+003
-1.328000e+003
-7.710000e+002
-1.552000e+003
-2.026000e+003
-1.894000e+003
-6.780000e+002
-8.980000e+002
-1.313000e+003
-2.138000e+003
-2.612000e+003
-3.305000e+003
-4.277000e+003
-4.487000e+003
-2.788000e+003
-1.752000e+003
-2.597000e+003
-2.465000e+003
-1.215000e+003
-1.220000e+003
-2.451000e+003
-3.354000e+003
-2.548000e+003
-2.993000e+003
-3.657000e+003
-3.750000e+003
-4.794000e+003
-3.564000e+003
-2.465000e+003
-1.694000e+003
-6.680000e+002
-1.560000e+002
-1.699000e+003
-1.928000e+003
-1.850000e+003
-1.982000e+003
-2.182000e+003
-2.001000e+003
-1.831000e+003
-2.382000e+003
-2.387000e+003
-1.723000e+003
-2.368000e+003
-1.977000e+003
-1.381000e+003
-1.000000e+003
-1.220000e+003
-6.290000e+002
-9.860000e+002
-1.806000e+003
-1.508000e+003
-1.406000e+003
-1.704000e+003
-1.684000e+003
4.830000e+002
3.610000e+002
-1.210000e+003
-2.309000e+003
-3.120000e+003
-4.091000e+003
-3.974000e+003
-3.339000e+003
-1.855000e+003
-9.700000e+001
-1.806000e+003
-3.305000e+003
-2.993000e+003
-2.500000e+003
-1.699000e+003
-5.660000e+002
-1.360000e+002
-5.220000e+002
-2.231000e+003
-3.964000e+003
-4.604000e+003
-4.506000e+003
-2.949000e+003
-1.601000e+003
-5.710000e+002
2.490000e+002
2.440000e+002
-1.821000e+003
-3.178000e+003
-3.613000e+003
-3.139000e+003
-2.998000e+003
-3.027000e+003
-2.353000e+003
-3.560000e+002
4.190000e+002
-1.352000e+003
-2.485000e+003
-3.276000e+003
-4.023000e+003
-4.213000e+003
-2.641000e+003
-4.830000e+002
9.320000e+002
8.980000e+002
-2.290000e+002
-2.314000e+003
-4.023000e+003
-4.438000e+003
-4.663000e+003
-3.984000e+003
-2.846000e+003
-1.743000e+003
-1.230000e+003
-1.328000e+003
-2.241000e+003
-3.110000e+003
-3.671000e+003
-2.954000e+003
-2.231000e+003
-1.669000e+003
-1.225000e+003
-9.320000e+002
-1.494000e+003
-2.270000e+003
-2.622000e+003
-1.684000e+003
-3.900000e+002
-1.054000e+003
-1.513000e+003
-1.547000e+003
-1.416000e+003
-1.459000e+003
-1.127000e+003
-8.300000e+002
3.320000e+002
1.582000e+003
6.200000e+002
-1.352000e+003
-2.680000e+003
-2.817000e+003
-2.094000e+003
-9.520000e+002
4.980000e+002
2.031000e+003
2.290000e+002
-2.695000e+003
-5.029000e+003
-5.527000e+003
-4.277000e+003
-3.588000e+003
-1.723000e+003
1.118000e+003
2.802000e+003
2.211000e+003
-1.410000e+002
-2.661000e+003
-4.233000e+003
-4.702000e+003
-3.369000e+003
-2.622000e+003
-1.547000e+003
-3.800000e+002
-7.660000e+002
-1.425000e+003
-1.796000e+003
-1.845000e+003
-2.934000e+003
-3.896000e+003
-3.085000e+003
-1.357000e+003
5.660000e+002
1.640000e+003
6.930000e+002
-1.560000e+002
-1.523000e+003
-2.836000e+003
-3.178000e+003
-2.949000e+003
-3.012000e+003
-1.772000e+003
-2.580000e+002
-3.400000e+001
1.310000e+002
6.200000e+002
-5.460000e+002
-2.797000e+003
-3.505000e+003
-4.204000e+003
-4.819000e+003
-4.360000e+003
-3.061000e+003
-9.860000e+002
1.059000e+003
2.001000e+003
2.211000e+003
2.050000e+002
-2.583000e+003
-4.711000e+003
-5.917000e+003
-6.386000e+003
-5.312000e+003
-2.763000e+003
-3.320000e+002
1.474000e+003
1.333000e+003
8.590000e+002
2.680000e+002
-9.660000e+002
-1.879000e+003
-3.027000e+003
-3.852000e+003
-4.692000e+003
-4.360000e+003
-2.905000e+003
-1.127000e+003
1.035000e+003
2.353000e+003
1.083000e+003
-9.170000e+002
-3.500000e+003
-5.131000e+003
-5.742000e+003
-5.268000e+003
-4.121000e+003
-1.879000e+003
3.070000e+002
7.860000e+002
3.900000e+002
8.250000e+002
-1.510000e+002
-9.660000e+002
-7.800000e+001
-6.290000e+002
-1.767000e+003
-2.084000e+003
-2.231000e+003
-2.670000e+003
-2.661000e+003
-3.281000e+003
-2.285000e+003
-1.142000e+003
-1.274000e+003
-1.445000e+003
-9.570000e+002
-1.147000e+003
-1.269000e+003
-1.665000e+003
-2.207000e+003
-2.626000e+003
-1.596000e+003
-2.730000e+002
4.050000e+002
1.950000e+002
-1.120000e+002
-1.850000e+002
-2.970000e+002
-6.290000e+002
-8.200000e+002
-1.254000e+003
-1.899000e+003
-1.269000e+003
-6.200000e+002
-3.120000e+002
3.900000e+001
2.240000e+002
-2.580000e+002
-2.920000e+002
-1.360000e+002
-4.730000e+002
-7.030000e+002
3.360000e+002
1.196000e+003
1.059000e+003
1.127000e+003
1.560000e+002
-5.300000e+001
3.400000e+001
-3.950000e+002
-7.610000e+002
-4.830000e+002
-7.800000e+001
6.340000e+002
1.254000e+003
7.760000e+002
-5.760000e+002
-1.674000e+003
-2.456000e+003
-2.968000e+003
-3.500000e+003
-3.183000e+003
-2.140000e+002
2.509000e+003
2.568000e+003
1.250000e+003
2.050000e+002
-6.880000e+002
-1.181000e+003
-3.159000e+003
-3.574000e+003
-2.382000e+003
-7.220000e+002
2.780000e+002
2.490000e+002
7.120000e+002
5.810000e+002
-3.120000e+002
-1.362000e+003
-2.099000e+003
-2.685000e+003
-2.500000e+003
-1.801000e+003
-3.510000e+002
7.320000e+002
7.030000e+002
4.000000e+000
-1.950000e+002
-1.098000e+003
-2.275000e+003
-2.885000e+003
-2.768000e+003
-2.070000e+003
-1.245000e+003
-9.080000e+002
-5.760000e+002
-1.220000e+002
-1.040000e+003
-2.880000e+003
-3.242000e+003
-3.383000e+003
-3.110000e+003
-1.997000e+003
-1.264000e+003
-3.220000e+002
-2.900000e+001
-1.176000e+003
-4.390000e+002
-1.460000e+002
-1.298000e+003
-2.934000e+003
-3.442000e+003
-2.841000e+003
-2.070000e+003
-1.669000e+003
-1.127000e+003
-4.100000e+002
6.800000e+001
-8.490000e+002
-1.728000e+003
-2.114000e+003
-2.700000e+003
-2.036000e+003
-1.113000e+003
1.950000e+002
8.930000e+002
1.127000e+003
1.982000e+003
6.250000e+002
-1.513000e+003
-2.568000e+003
-2.558000e+003
-2.451000e+003
-1.962000e+003
-5.660000e+002
1.440000e+003
1.181000e+003
-1.700000e+002
-6.050000e+002
-2.153000e+003
-3.369000e+003
-3.056000e+003
-2.329000e+003
-2.730000e+002
1.250000e+003
3.002000e+003
4.233000e+003
2.573000e+003
7.080000e+002
-1.352000e+003
-3.027000e+003
-3.833000e+003
-2.817000e+003
-1.948000e+003
-8.880000e+002
1.718000e+003
3.349000e+003
3.598000e+003
4.057000e+003
3.164000e+003
6.250000e+002
-1.254000e+003
-2.026000e+003
-2.236000e+003
-2.148000e+003
-6.830000e+002
4.830000e+002
1.704000e+003
1.503000e+003
9.570000e+002
6.590000e+002
-2.440000e+002
-6.880000e+002
-1.582000e+003
-1.347000e+003
-9.810000e+002
-6.880000e+002
-7.800000e+001
3.400000e+001
-1.070000e+002
-1.850000e+002
-3.610000e+002
-2.290000e+002
-1.064000e+003
-1.186000e+003
-5.900000e+002
-3.900000e+002
