5.300000e+001
-5.800000e+001
-5.460000e+002
-7.220000e+002
-1.645000e+003
-2.172000e+003
-1.801000e+003
-1.259000e+003
-5.950000e+002
-1.260000e+002
1.950000e+002
5.900000e+002
8.640000e+002
7.370000e+002
0.000000e+000
9.200000e+001
1.093000e+003
8.250000e+002
8.100000e+002
7.910000e+002
2.340000e+002
-7.810000e+002
-9.760000e+002
-3.950000e+002
-2.830000e+002
-3.900000e+002
-3.660000e+002
-6.200000e+002
-5.710000e+002
1.400000e+001
-4.300000e+001
7.300000e+001
4.290000e+002
-1.460000e+002
-9.370000e+002
-1.420000e+003
-1.083000e+003
-6.440000e+002
-4.000000e+002
8.700000e+001
6.000000e+002
5.220000e+002
-9.170000e+002
-1.347000e+003
-4.100000e+002
1.460000e+002
2.580000e+002
-7.120000e+002
-1.513000e+003
-1.171000e+003
-4.190000e+002
1.400000e+001
7.860000e+002
1.284000e+003
1.127000e+003
3.710000e+002
5.020000e+002
1.206000e+003
1.083000e+003
-2.390000e+002
-1.103000e+003
-1.337000e+003
-5.900000e+002
3.710000e+002
1.508000e+003
1.816000e+003
4.390000e+002
-1.108000e+003
-1.933000e+003
-2.167000e+003
-1.752000e+003
-1.577000e+003
-1.196000e+003
-4.540000e+002
3.750000e+002
6.540000e+002
-2.830000e+002
-2.045000e+003
-2.929000e+003
-2.724000e+003
-2.211000e+003
-1.474000e+003
-3.850000e+002
4.730000e+002
1.176000e+003
1.284000e+003
-7.800000e+001
-1.494000e+003
-2.919000e+003
-3.618000e+003
-2.851000e+003
-1.049000e+003
5.950000e+002
1.284000e+003
5.370000e+002
-9.710000e+002
-3.510000e+002
9.200000e+001
-1.406000e+003
-2.993000e+003
-3.457000e+003
-3.125000e+003
-2.246000e+003
-1.713000e+003
-1.562000e+003
-1.298000e+003
-1.059000e+003
-1.572000e+003
-1.425000e+003
-4.880000e+002
-3.610000e+002
-1.196000e+003
-2.250000e+003
-2.880000e+003
-3.720000e+003
-3.457000e+003
-1.992000e+003
-1.567000e+003
-1.596000e+003
-1.181000e+003
-1.342000e+003
-1.586000e+003
-1.206000e+003
-6.930000e+002
5.220000e+002
1.250000e+003
-6.800000e+001
-2.919000e+003
-5.019000e+003
-4.716000e+003
-2.553000e+003
-1.950000e+002
1.201000e+003
1.420000e+003
9.200000e+001
-1.235000e+003
-2.226000e+003
-2.773000e+003
-2.968000e+003
-1.855000e+003
2.530000e+002
1.503000e+003
1.538000e+003
5.410000e+002
-2.780000e+002
-5.410000e+002
-1.235000e+003
-1.870000e+003
-8.100000e+002
7.470000e+002
4.290000e+002
1.800000e+002
9.910000e+002
1.259000e+003
4.000000e+000
-1.894000e+003
-2.192000e+003
-1.206000e+003
-3.070000e+002
1.260000e+002
9.000000e+000
1.510000e+002
8.930000e+002
1.708000e+003
2.412000e+003
1.357000e+003
-1.170000e+002
-1.367000e+003
-2.382000e+003
-2.382000e+003
-2.246000e+003
-1.904000e+003
-1.230000e+003
-2.730000e+002
-1.020000e+002
6.150000e+002
7.420000e+002
-8.000000e+002
-2.001000e+003
-2.465000e+003
-3.574000e+003
-4.082000e+003
-3.901000e+003
-3.540000e+003
-2.690000e+003
-1.406000e+003
-7.300000e+001
1.430000e+003
2.182000e+003
1.225000e+003
7.300000e+001
-4.240000e+002
-2.197000e+003
-3.876000e+003
-4.301000e+003
-4.013000e+003
-2.944000e+003
-1.147000e+003
-1.750000e+002
-6.830000e+002
-9.610000e+002
-8.640000e+002
-7.660000e+002
-4.190000e+002
-8.540000e+002
-1.328000e+003
-1.894000e+003
-2.319000e+003
-2.192000e+003
-2.231000e+003
-2.226000e+003
-1.728000e+003
-1.357000e+003
-7.710000e+002
-9.760000e+002
-1.181000e+003
-2.920000e+002
1.220000e+002
-2.050000e+002
-1.713000e+003
-3.325000e+003
-3.261000e+003
-2.666000e+003
-1.621000e+003
-8.390000e+002
-2.440000e+002
-3.510000e+002
-1.879000e+003
-3.798000e+003
-4.404000e+003
-3.867000e+003
-3.037000e+003
-1.660000e+003
-6.340000e+002
2.530000e+002
-1.260000e+002
-1.503000e+003
-2.431000e+003
-3.017000e+003
-3.095000e+003
-3.237000e+003
-3.256000e+003
-3.022000e+003
-2.138000e+003
-1.889000e+003
-1.513000e+003
-1.220000e+003
-1.596000e+003
-7.760000e+002
-9.710000e+002
-2.509000e+003
-3.276000e+003
-3.330000e+003
-2.177000e+003
-1.445000e+003
-1.103000e+003
-5.900000e+002
1.610000e+002
8.490000e+002
1.245000e+003
2.530000e+002
-1.684000e+003
-2.475000e+003
-2.480000e+003
-1.250000e+003
8.440000e+002
2.641000e+003
1.855000e+003
4.930000e+002
-4.580000e+002
-1.269000e+003
-1.835000e+003
-1.684000e+003
-2.900000e+001
1.772000e+003
2.402000e+003
2.509000e+003
2.246000e+003
7.660000e+002
-8.700000e+001
-1.170000e+002
2.000000e+002
2.050000e+002
2.630000e+002
5.020000e+002
1.220000e+003
1.132000e+003
4.240000e+002
2.530000e+002
2.390000e+002
-4.800000e+001
2.390000e+002
3.610000e+002
-1.410000e+002
-4.490000e+002
3.270000e+002
1.298000e+003
1.347000e+003
1.460000e+002
-5.020000e+002
-3.800000e+002
-5.170000e+002
3.170000e+002
1.083000e+003
1.357000e+003
2.001000e+003
1.713000e+003
1.460000e+002
-2.080000e+003
-2.353000e+003
-1.362000e+003
-1.005000e+003
-4.000000e+000
1.806000e+003
3.222000e+003
3.125000e+003
1.347000e+003
-1.206000e+003
-2.539000e+003
-2.817000e+003
-2.724000e+003
-1.289000e+003
5.020000e+002
1.811000e+003
2.246000e+003
1.787000e+003
1.250000e+003
-2.900000e+001
-1.376000e+003
-1.860000e+003
-1.645000e+003
-7.610000e+002
2.000000e+002
8.440000e+002
9.220000e+002
1.313000e+003
2.446000e+003
1.489000e+003
-5.220000e+002
-9.910000e+002
-1.113000e+003
-1.328000e+003
-2.001000e+003
-2.597000e+003
-2.021000e+003
-9.710000e+002
4.580000e+002
1.230000e+003
2.630000e+002
-1.518000e+003
-1.665000e+003
-1.777000e+003
-2.587000e+003
-2.163000e+003
-1.015000e+003
-1.610000e+002
7.300000e+001
9.080000e+002
1.411000e+003
5.220000e+002
-1.308000e+003
-2.387000e+003
-2.250000e+003
-1.787000e+003
-1.269000e+003
-9.420000e+002
-1.103000e+003
0.000000e+000
1.752000e+003
1.640000e+003
1.708000e+003
2.329000e+003
1.782000e+003
1.137000e+003
8.340000e+002
5.900000e+002
1.560000e+002
1.360000e+002
1.410000e+002
1.560000e+002
5.610000e+002
1.127000e+003
8.490000e+002
7.080000e+002
1.171000e+003
1.562000e+003
1.933000e+003
1.855000e+003
1.049000e+003
3.170000e+002
1.410000e+002
8.100000e+002
1.420000e+003
1.611000e+003
2.480000e+003
2.871000e+003
1.557000e+003
-2.680000e+002
-1.259000e+003
-1.396000e+003
-1.582000e+003
-1.020000e+003
9.760000e+002
2.089000e+003
1.015000e+003
-5.850000e+002
-1.445000e+003
-1.816000e+003
-2.021000e+003
-2.001000e+003
-1.372000e+003
-2.140000e+002
3.120000e+002
-7.370000e+002
-1.191000e+003
-1.425000e+003
-1.557000e+003
-1.508000e+003
-1.352000e+003
-5.120000e+002
-5.300000e+001
-1.005000e+003
-1.547000e+003
-1.235000e+003
-1.328000e+003
-2.050000e+003
-2.436000e+003
-1.562000e+003
8.150000e+002
1.562000e+003
3.710000e+002
-2.140000e+002
-5.170000e+002
-1.210000e+003
-1.611000e+003
-1.064000e+003
-6.300000e+001
1.132000e+003
1.357000e+003
-1.360000e+002
-2.338000e+003
-3.012000e+003
-2.768000e+003
-3.051000e+003
-2.753000e+003
-1.816000e+003
-1.411000e+003
-1.025000e+003
-1.601000e+003
-2.021000e+003
-2.617000e+003
-3.046000e+003
-2.636000e+003
-1.806000e+003
-1.088000e+003
-3.400000e+001
2.580000e+002
-1.400000e+001
-9.170000e+002
-1.372000e+003
-1.113000e+003
-6.830000e+002
7.800000e+001
4.150000e+002
2.920000e+002
-2.580000e+002
-5.370000e+002
-4.340000e+002
-7.030000e+002
1.170000e+002
1.528000e+003
1.723000e+003
9.810000e+002
3.220000e+002
-1.950000e+002
-6.300000e+001
1.103000e+003
1.967000e+003
1.992000e+003
8.490000e+002
-7.370000e+002
-1.728000e+003
-1.821000e+003
-1.074000e+003
-3.610000e+002
8.050000e+002
2.285000e+003
2.773000e+003
1.342000e+003
2.190000e+002
-5.070000e+002
-1.450000e+003
-1.196000e+003
-1.410000e+002
1.147000e+003
2.290000e+003
3.105000e+003
2.783000e+003
1.333000e+003
2.140000e+002
-8.490000e+002
-1.289000e+003
-1.376000e+003
-2.920000e+002
1.875000e+003
4.121000e+003
5.253000e+003
4.653000e+003
3.027000e+003
1.503000e+003
7.270000e+002
2.900000e+001
2.970000e+002
1.123000e+003
1.748000e+003
2.656000e+003
3.334000e+003
4.331000e+003
5.297000e+003
3.916000e+003
1.577000e+003
8.700000e+001
-4.290000e+002
-8.390000e+002
-7.910000e+002
-8.700000e+001
1.542000e+003
2.900000e+003
4.609000e+003
4.624000e+003
2.338000e+003
-1.170000e+002
-1.157000e+003
-2.265000e+003
-3.134000e+003
-2.348000e+003
5.610000e+002
3.603000e+003
4.731000e+003
4.033000e+003
2.685000e+003
2.290000e+002
-1.660000e+003
-1.948000e+003
-1.313000e+003
-7.320000e+002
0.000000e+000
9.320000e+002
1.484000e+003
2.221000e+003
3.481000e+003
3.803000e+003
2.734000e+003
7.660000e+002
-1.171000e+003
-2.104000e+003
-2.319000e+003
-2.397000e+003
-1.962000e+003
-3.610000e+002
1.733000e+003
2.534000e+003
2.719000e+003
2.104000e+003
7.170000e+002
-5.300000e+001
-6.930000e+002
-4.730000e+002
-2.920000e+002
-7.420000e+002
-7.080000e+002
-3.850000e+002
-9.470000e+002
-1.352000e+003
-1.118000e+003
-1.176000e+003
-1.030000e+003
-9.320000e+002
-4.730000e+002
-2.730000e+002
-3.170000e+002
-6.440000e+002
-1.264000e+003
-1.459000e+003
-4.830000e+002
3.270000e+002
1.660000e+002
3.400000e+001
-1.660000e+002
-1.103000e+003
-1.030000e+003
-2.490000e+002
1.220000e+002
8.300000e+001
4.880000e+002
6.930000e+002
7.610000e+002
1.054000e+003
5.660000e+002
5.760000e+002
2.440000e+002
-4.050000e+002
-1.560000e+002
-2.970000e+002
-5.270000e+002
6.300000e+001
9.570000e+002
1.127000e+003
7.950000e+002
-2.530000e+002
-5.850000e+002
1.460000e+002
3.850000e+002
-8.700000e+001
-6.830000e+002
-5.810000e+002
1.310000e+002
8.000000e+002
2.730000e+002
-1.542000e+003
-3.051000e+003
-3.588000e+003
-3.393000e+003
-2.968000e+003
-1.982000e+003
2.000000e+002
1.215000e+003
6.930000e+002
-3.360000e+002
-1.171000e+003
-1.362000e+003
-1.430000e+003
-1.899000e+003
-1.840000e+003
-1.552000e+003
-8.050000e+002
-6.340000e+002
-1.699000e+003
-2.294000e+003
-2.817000e+003
-2.778000e+003
-2.031000e+003
-1.972000e+003
-2.504000e+003
-1.723000e+003
-3.900000e+001
6.340000e+002
3.360000e+002
-9.810000e+002
-1.923000e+003
-2.309000e+003
-2.519000e+003
-2.470000e+003
-2.646000e+003
-2.260000e+003
-8.740000e+002
7.760000e+002
1.606000e+003
1.113000e+003
5.270000e+002
-2.970000e+002
-5.950000e+002
-1.166000e+003
-1.186000e+003
4.300000e+001
9.660000e+002
1.225000e+003
1.254000e+003
9.660000e+002
2.090000e+002
-5.810000e+002
-1.083000e+003
-1.245000e+003
-9.270000e+002
-3.800000e+002
-1.700000e+002
2.490000e+002
8.780000e+002
6.150000e+002
6.300000e+001
-1.020000e+002
-6.640000e+002
-1.625000e+003
-1.269000e+003
9.700000e+001
1.040000e+003
1.850000e+003
3.261000e+003
3.461000e+003
2.553000e+003
1.826000e+003
4.800000e+001
-1.416000e+003
-1.528000e+003
-1.660000e+003
-1.455000e+003
7.300000e+001
1.733000e+003
2.299000e+003
1.225000e+003
-4.630000e+002
-1.933000e+003
-3.803000e+003
-4.555000e+003
-3.535000e+003
-2.500000e+003
-1.752000e+003
9.000000e+000
1.772000e+003
2.700000e+003
2.714000e+003
8.000000e+002
-6.490000e+002
-1.025000e+003
-1.362000e+003
-1.596000e+003
-1.201000e+003
-1.070000e+002
7.270000e+002
1.518000e+003
1.943000e+003
1.860000e+003
1.450000e+003
1.070000e+002
-1.098000e+003
-1.992000e+003
-2.714000e+003
-1.982000e+003
-7.950000e+002
-2.290000e+002
-9.700000e+001
9.700000e+001
1.070000e+002
-1.460000e+002
-8.250000e+002
-1.157000e+003
-1.406000e+003
-1.904000e+003
-1.850000e+003
-1.088000e+003
-3.220000e+002
-4.490000e+002
-5.070000e+002
-6.300000e+001
0.000000e+000
-3.750000e+002
-8.390000e+002
-1.142000e+003
-1.967000e+003
-2.675000e+003
