-6.000000e+002
-8.340000e+002
-5.810000e+002
6.300000e+001
3.900000e+002
5.710000e+002
6.640000e+002
6.440000e+002
8.250000e+002
7.950000e+002
2.490000e+002
-1.700000e+002
-3.950000e+002
-6.100000e+002
-8.980000e+002
-9.420000e+002
-6.980000e+002
-3.510000e+002
8.300000e+001
6.680000e+002
1.020000e+003
6.590000e+002
-2.730000e+002
-1.093000e+003
-9.130000e+002
-7.320000e+002
-8.050000e+002
-5.020000e+002
-2.090000e+002
7.300000e+001
2.920000e+002
2.290000e+002
-1.900000e+001
-2.000000e+002
2.400000e+001
4.830000e+002
9.420000e+002
1.440000e+003
1.645000e+003
1.591000e+003
8.490000e+002
-1.005000e+003
-2.119000e+003
-1.884000e+003
-1.513000e+003
-1.000000e+003
-4.100000e+002
1.510000e+002
8.200000e+002
1.518000e+003
2.187000e+003
2.724000e+003
3.090000e+003
3.227000e+003
3.300000e+003
3.452000e+003
3.593000e+003
3.427000e+003
2.963000e+003
2.426000e+003
1.376000e+003
-1.900000e+001
-7.220000e+002
-7.270000e+002
1.020000e+002
3.320000e+002
-6.880000e+002
-1.328000e+003
-1.518000e+003
-1.342000e+003
-6.150000e+002
5.070000e+002
1.635000e+003
2.500000e+003
3.085000e+003
3.388000e+003
3.642000e+003
3.842000e+003
3.808000e+003
3.618000e+003
3.115000e+003
2.636000e+003
2.270000e+003
1.577000e+003
4.000000e+002
-6.440000e+002
-1.030000e+003
-1.279000e+003
-9.910000e+002
-2.390000e+002
-7.300000e+001
-1.298000e+003
-3.081000e+003
-3.930000e+003
-3.510000e+003
-2.187000e+003
-5.510000e+002
9.130000e+002
2.153000e+003
2.880000e+003
3.530000e+003
4.013000e+003
4.218000e+003
4.360000e+003
4.116000e+003
3.593000e+003
3.364000e+003
3.481000e+003
3.466000e+003
3.203000e+003
2.460000e+003
1.054000e+003
-2.920000e+002
-3.710000e+002
-2.050000e+002
-1.220000e+002
-4.290000e+002
-1.030000e+003
-1.450000e+003
-2.543000e+003
-3.754000e+003
-3.906000e+003
-3.427000e+003
-2.539000e+003
-1.777000e+003
-1.181000e+003
-6.440000e+002
-1.360000e+002
4.100000e+002
9.760000e+002
1.298000e+003
1.381000e+003
1.284000e+003
1.142000e+003
9.170000e+002
7.710000e+002
6.830000e+002
1.700000e+002
-2.680000e+002
0.000000e+000
2.090000e+002
-2.400000e+001
-2.730000e+002
-9.760000e+002
-2.011000e+003
-2.685000e+003
-3.447000e+003
-4.062000e+003
-3.925000e+003
-3.256000e+003
-2.890000e+003
-2.163000e+003
-9.080000e+002
-2.400000e+001
5.950000e+002
9.710000e+002
1.357000e+003
1.953000e+003
2.470000e+003
2.631000e+003
2.587000e+003
2.348000e+003
1.831000e+003
7.610000e+002
-1.560000e+002
-4.490000e+002
-8.200000e+002
-8.690000e+002
-5.020000e+002
-8.700000e+001
-1.560000e+002
-9.080000e+002
-1.933000e+003
-2.988000e+003
-3.408000e+003
-3.076000e+003
-2.563000e+003
-2.060000e+003
-1.606000e+003
-1.245000e+003
-9.520000e+002
-7.810000e+002
-4.730000e+002
-5.300000e+001
3.610000e+002
5.610000e+002
5.760000e+002
4.930000e+002
3.400000e+001
-6.640000e+002
-1.059000e+003
-1.386000e+003
-1.665000e+003
-1.606000e+003
-1.572000e+003
-2.070000e+003
-3.012000e+003
-3.486000e+003
-3.408000e+003
-3.217000e+003
-2.944000e+003
-2.490000e+003
-1.865000e+003
-1.333000e+003
-8.590000e+002
-1.900000e+002
5.170000e+002
1.279000e+003
1.743000e+003
1.816000e+003
1.767000e+003
1.538000e+003
1.103000e+003
3.800000e+002
-4.000000e+002
-8.150000e+002
-1.142000e+003
-1.015000e+003
-4.100000e+002
-6.800000e+001
-1.220000e+002
-6.390000e+002
-1.489000e+003
-2.016000e+003
-2.167000e+003
-1.879000e+003
-1.191000e+003
-6.200000e+002
-3.320000e+002
3.900000e+001
