-6.100000e+002
-4.540000e+002
4.800000e+001
6.250000e+002
7.170000e+002
9.660000e+002
1.113000e+003
9.860000e+002
1.088000e+003
8.340000e+002
2.900000e+001
-4.830000e+002
-7.170000e+002
-8.100000e+002
-9.570000e+002
-8.640000e+002
-5.410000e+002
-3.900000e+001
5.320000e+002
1.040000e+003
1.284000e+003
3.950000e+002
-1.298000e+003
-2.514000e+003
-2.036000e+003
-1.381000e+003
-1.289000e+003
-7.760000e+002
-3.660000e+002
-2.920000e+002
-6.300000e+001
-2.400000e+001
-1.800000e+002
-3.270000e+002
-2.440000e+002
-4.000000e+000
2.880000e+002
8.150000e+002
9.420000e+002
7.470000e+002
-1.020000e+002
-2.353000e+003
-3.427000e+003
-2.929000e+003
-2.314000e+003
-1.298000e+003
9.700000e+001
1.538000e+003
2.807000e+003
3.784000e+003
4.716000e+003
5.522000e+003
5.874000e+003
5.717000e+003
5.449000e+003
5.156000e+003
4.736000e+003
4.125000e+003
3.422000e+003
2.709000e+003
1.098000e+003
-2.880000e+002
5.460000e+002
1.800000e+002
-1.113000e+003
-2.500000e+003
-4.501000e+003
-5.058000e+003
-3.491000e+003
-1.162000e+003
1.093000e+003
2.983000e+003
4.194000e+003
4.638000e+003
4.687000e+003
4.482000e+003
4.174000e+003
3.720000e+003
3.188000e+003
2.714000e+003
2.124000e+003
1.596000e+003
1.176000e+003
2.140000e+002
-1.704000e+003
-2.680000e+003
-2.167000e+003
-3.002000e+003
-3.520000e+003
-3.632000e+003
-5.009000e+003
-6.982000e+003
-7.348000e+003
-6.796000e+003
-3.588000e+003
-6.980000e+002
1.396000e+003
2.871000e+003
3.784000e+003
3.930000e+003
4.023000e+003
4.208000e+003
4.267000e+003
4.213000e+003
3.583000e+003
2.773000e+003
2.441000e+003
2.456000e+003
2.504000e+003
2.387000e+003
1.484000e+003
-6.100000e+002
-1.894000e+003
-1.157000e+003
-1.801000e+003
-3.076000e+003
-4.150000e+003
-5.170000e+003
-5.664000e+003
-5.839000e+003
-5.288000e+003
-3.344000e+003
-1.157000e+003
5.610000e+002
1.171000e+003
9.910000e+002
8.930000e+002
9.910000e+002
1.127000e+003
1.362000e+003
1.284000e+003
9.030000e+002
3.900000e+002
-9.000000e+000
-2.190000e+002
-2.680000e+002
-4.880000e+002
-1.445000e+003
-2.158000e+003
-1.313000e+003
-1.347000e+003
-2.641000e+003
-3.359000e+003
-4.375000e+003
-5.815000e+003
-6.958000e+003
-7.309000e+003
-6.962000e+003
-4.711000e+003
-2.001000e+003
-7.800000e+001
1.772000e+003
3.447000e+003
4.174000e+003
4.257000e+003
3.779000e+003
3.398000e+003
3.500000e+003
3.564000e+003
3.256000e+003
2.690000e+003
1.967000e+003
1.127000e+003
-6.590000e+002
-2.050000e+003
-2.070000e+003
-3.032000e+003
-3.867000e+003
-3.291000e+003
-2.500000e+003
-3.422000e+003
-5.190000e+003
-6.035000e+003
-5.864000e+003
-4.326000e+003
-1.987000e+003
1.560000e+002
1.499000e+003
1.723000e+003
1.552000e+003
1.479000e+003
1.127000e+003
9.960000e+002
1.157000e+003
1.142000e+003
9.810000e+002
8.050000e+002
3.800000e+002
-9.860000e+002
-2.607000e+003
-2.861000e+003
-2.788000e+003
-3.173000e+003
-3.164000e+003
-3.139000e+003
-3.798000e+003
-4.970000e+003
-5.175000e+003
-4.140000e+003
-2.783000e+003
-1.699000e+003
-3.270000e+002
8.590000e+002
1.176000e+003
1.186000e+003
1.503000e+003
2.138000e+003
3.105000e+003
3.774000e+003
3.808000e+003
3.515000e+003
3.022000e+003
2.304000e+003
1.166000e+003
-3.460000e+002
-1.411000e+003
-1.694000e+003
-1.372000e+003
-1.342000e+003
-2.036000e+003
-2.309000e+003
-2.207000e+003
-2.387000e+003
-2.045000e+003
-9.470000e+002
4.290000e+002
1.782000e+003
2.397000e+003
2.270000e+003
2.001000e+003
