-1.015000e+003
-5.270000e+002
8.700000e+001
5.410000e+002
5.220000e+002
5.610000e+002
6.930000e+002
1.074000e+003
1.284000e+003
9.710000e+002
5.900000e+002
4.000000e+000
-7.170000e+002
-9.660000e+002
-8.490000e+002
-5.810000e+002
-1.220000e+002
9.200000e+001
9.080000e+002
2.890000e+003
2.949000e+003
1.610000e+002
-2.534000e+003
-3.251000e+003
-2.548000e+003
-2.050000e+003
-1.616000e+003
-9.030000e+002
-2.050000e+002
1.800000e+002
7.080000e+002
1.206000e+003
1.772000e+003
2.246000e+003
2.509000e+003
2.563000e+003
2.407000e+003
2.114000e+003
1.318000e+003
1.513000e+003
2.607000e+003
1.660000e+002
-2.714000e+003
-3.325000e+003
-2.812000e+003
-1.811000e+003
-4.780000e+002
1.215000e+003
2.866000e+003
4.252000e+003
5.449000e+003
6.459000e+003
6.992000e+003
6.972000e+003
6.713000e+003
6.293000e+003
5.556000e+003
4.746000e+003
4.477000e+003
4.038000e+003
1.616000e+003
4.190000e+002
5.122000e+003
4.047000e+003
-2.485000e+003
-5.200000e+003
-6.479000e+003
-6.430000e+003
-4.111000e+003
-1.186000e+003
1.479000e+003
3.515000e+003
4.882000e+003
5.517000e+003
5.698000e+003
5.502000e+003
5.009000e+003
4.467000e+003
3.842000e+003
3.090000e+003
2.319000e+003
1.914000e+003
1.806000e+003
5.460000e+002
-2.573000e+003
-2.333000e+003
7.510000e+002
-1.972000e+003
-5.136000e+003
-5.859000e+003
-7.304000e+003
-8.154000e+003
-7.988000e+003
-7.958000e+003
-4.833000e+003
-6.300000e+001
1.782000e+003
3.271000e+003
4.067000e+003
4.018000e+003
3.989000e+003
4.091000e+003
4.067000e+003
3.857000e+003
3.134000e+003
2.597000e+003
2.602000e+003
2.768000e+003
3.227000e+003
3.417000e+003
2.021000e+003
-9.710000e+002
-7.320000e+002
1.948000e+003
-3.510000e+002
-4.760000e+003
-7.358000e+003
-8.027000e+003
-7.988000e+003
-7.988000e+003
-7.001000e+003
-3.413000e+003
-5.370000e+002
1.342000e+003
1.953000e+003
1.479000e+003
9.710000e+002
8.540000e+002
1.005000e+003
1.342000e+003
1.225000e+003
6.980000e+002
2.780000e+002
9.700000e+001
2.140000e+002
4.240000e+002
4.000000e+000
-1.723000e+003
-3.168000e+003
-1.328000e+003
-1.083000e+003
-3.876000e+003
-5.742000e+003
-7.226000e+003
-8.002000e+003
-8.012000e+003
-8.012000e+003
-7.978000e+003
-5.434000e+003
-7.510000e+002
1.699000e+003
3.798000e+003
4.970000e+003
5.195000e+003
5.214000e+003
5.161000e+003
5.200000e+003
4.980000e+003
4.272000e+003
3.403000e+003
2.480000e+003
1.699000e+003
9.130000e+002
-1.557000e+003
-3.320000e+003
-1.860000e+003
-2.421000e+003
-4.726000e+003
-5.981000e+003
-6.704000e+003
-7.382000e+003
-7.773000e+003
-7.934000e+003
-7.050000e+003
-4.594000e+003
-1.679000e+003
9.520000e+002
2.729000e+003
3.642000e+003
4.418000e+003
4.882000e+003
4.809000e+003
4.770000e+003
4.609000e+003
4.233000e+003
3.789000e+003
3.090000e+003
1.752000e+003
-9.220000e+002
-3.457000e+003
-3.237000e+003
-2.387000e+003
-2.939000e+003
-3.652000e+003
-4.394000e+003
-4.829000e+003
-5.278000e+003
-4.184000e+003
-2.314000e+003
-1.225000e+003
-6.980000e+002
7.800000e+001
8.390000e+002
1.557000e+003
2.456000e+003
3.056000e+003
3.574000e+003
4.233000e+003
4.931000e+003
5.058000e+003
4.638000e+003
4.311000e+003
3.891000e+003
2.890000e+003
1.235000e+003
-1.310000e+002
-2.440000e+002
4.000000e+002
-5.070000e+002
-2.924000e+003
-3.925000e+003
-3.906000e+003
-3.774000e+003
-2.221000e+003
2.190000e+002
2.319000e+003
3.862000e+003
4.633000e+003
4.609000e+003
3.886000e+003
