-4.290000e+002
-1.410000e+002
2.970000e+002
6.000000e+002
5.560000e+002
2.050000e+002
-2.530000e+002
-3.750000e+002
-1.560000e+002
-1.900000e+002
-4.540000e+002
-3.710000e+002
-4.800000e+001
4.300000e+001
-2.340000e+002
-4.100000e+002
-3.510000e+002
-5.300000e+001
1.560000e+002
2.290000e+002
3.560000e+002
2.490000e+002
-4.490000e+002
-7.710000e+002
-7.810000e+002
-8.150000e+002
-6.440000e+002
-6.250000e+002
-1.123000e+003
-1.738000e+003
-1.923000e+003
-1.953000e+003
-1.660000e+003
-1.196000e+003
-7.660000e+002
-5.320000e+002
-3.750000e+002
-4.340000e+002
-1.171000e+003
-1.616000e+003
-7.170000e+002
-5.370000e+002
-1.337000e+003
-1.499000e+003
-1.132000e+003
-7.710000e+002
-3.170000e+002
1.900000e+002
4.880000e+002
8.150000e+002
1.362000e+003
1.640000e+003
1.503000e+003
1.196000e+003
9.220000e+002
4.490000e+002
-4.300000e+001
-6.340000e+002
-1.201000e+003
-1.718000e+003
-2.353000e+003
-2.514000e+003
-1.025000e+003
1.950000e+002
3.460000e+002
-7.270000e+002
-2.729000e+003
-3.579000e+003
-2.861000e+003
-1.030000e+003
5.950000e+002
1.445000e+003
1.884000e+003
1.855000e+003
1.323000e+003
8.000000e+002
4.390000e+002
-4.000000e+000
-5.850000e+002
-1.328000e+003
-2.207000e+003
-2.778000e+003
-2.739000e+003
-2.978000e+003
-3.496000e+003
-3.349000e+003
-2.563000e+003
-2.290000e+003
-1.992000e+003
-1.850000e+003
-3.569000e+003
-5.629000e+003
-6.103000e+003
-4.179000e+003
-1.542000e+003
3.360000e+002
1.357000e+003
1.367000e+003
9.910000e+002
4.150000e+002
4.800000e+001
-2.400000e+001
-6.300000e+001
-3.800000e+002
-1.386000e+003
-2.299000e+003
-2.255000e+003
-2.192000e+003
-2.402000e+003
-2.514000e+003
-2.812000e+003
-3.071000e+003
-2.275000e+003
-1.147000e+003
-9.570000e+002
-1.245000e+003
-1.669000e+003
-2.553000e+003
-3.813000e+003
-4.277000e+003
-3.457000e+003
-1.826000e+003
-1.900000e+002
1.284000e+003
2.124000e+003
2.148000e+003
2.026000e+003
1.811000e+003
1.738000e+003
1.757000e+003
1.074000e+003
1.070000e+002
-6.150000e+002
-1.254000e+003
-1.752000e+003
-1.918000e+003
-2.021000e+003
-2.695000e+003
-3.159000e+003
-2.666000e+003
-2.397000e+003
-2.319000e+003
-1.953000e+003
-1.909000e+003
-2.651000e+003
-4.394000e+003
-5.097000e+003
-3.867000e+003
-1.674000e+003
9.030000e+002
2.880000e+003
3.974000e+003
4.223000e+003
3.818000e+003
3.413000e+003
2.895000e+003
2.309000e+003
1.826000e+003
1.474000e+003
1.000000e+003
2.920000e+002
-4.540000e+002
-8.340000e+002
-1.562000e+003
-2.744000e+003
-3.300000e+003
-3.110000e+003
-2.475000e+003
-2.167000e+003
-1.928000e+003
-2.211000e+003
-3.134000e+003
-3.627000e+003
-3.095000e+003
-1.191000e+003
9.520000e+002
2.495000e+003
3.305000e+003
3.486000e+003
3.305000e+003
2.705000e+003
1.835000e+003
1.357000e+003
1.186000e+003
9.760000e+002
6.780000e+002
3.410000e+002
1.170000e+002
-1.025000e+003
-2.260000e+003
-2.294000e+003
-1.791000e+003
-1.621000e+003
-1.298000e+003
-8.200000e+002
-3.950000e+002
-5.660000e+002
-1.010000e+003
-5.460000e+002
7.470000e+002
1.875000e+003
2.851000e+003
3.554000e+003
3.842000e+003
3.701000e+003
2.934000e+003
2.275000e+003
1.972000e+003
1.528000e+003
1.030000e+003
7.370000e+002
6.150000e+002
7.320000e+002
8.150000e+002
5.410000e+002
3.020000e+002
1.560000e+002
5.320000e+002
7.420000e+002
2.190000e+002
1.460000e+002
4.240000e+002
3.660000e+002
5.850000e+002
1.303000e+003
2.216000e+003
2.651000e+003
2.519000e+003
2.397000e+003
2.241000e+003
