-1.850000e+002
2.400000e+001
5.710000e+002
1.044000e+003
1.098000e+003
8.200000e+002
3.950000e+002
1.120000e+002
1.120000e+002
-2.400000e+001
-3.220000e+002
-1.900000e+002
2.920000e+002
5.810000e+002
2.830000e+002
-1.900000e+001
2.400000e+001
4.580000e+002
6.540000e+002
6.390000e+002
7.810000e+002
8.440000e+002
5.370000e+002
-3.220000e+002
-7.120000e+002
-4.630000e+002
-2.290000e+002
-3.510000e+002
-1.049000e+003
-1.899000e+003
-2.285000e+003
-2.519000e+003
-2.446000e+003
-2.153000e+003
-1.591000e+003
-1.103000e+003
-9.170000e+002
-8.540000e+002
-1.899000e+003
-3.012000e+003
-2.441000e+003
-2.153000e+003
-2.353000e+003
-1.562000e+003
-7.760000e+002
-1.170000e+002
4.580000e+002
5.660000e+002
4.580000e+002
5.170000e+002
9.320000e+002
8.880000e+002
4.240000e+002
-8.300000e+001
-3.560000e+002
-6.050000e+002
-8.740000e+002
-1.508000e+003
-2.304000e+003
-2.846000e+003
-3.457000e+003
-3.525000e+003
-2.211000e+003
-8.780000e+002
-2.830000e+002
-1.259000e+003
-3.256000e+003
-3.901000e+003
-2.812000e+003
-8.390000e+002
8.590000e+002
1.591000e+003
1.748000e+003
1.503000e+003
9.710000e+002
3.070000e+002
-2.580000e+002
-8.050000e+002
-1.293000e+003
-1.953000e+003
-3.002000e+003
-3.583000e+003
-3.647000e+003
-4.023000e+003
-4.248000e+003
-3.847000e+003
-3.222000e+003
-2.954000e+003
-2.343000e+003
-1.699000e+003
-2.939000e+003
-5.112000e+003
-5.751000e+003
-3.945000e+003
-1.362000e+003
6.730000e+002
1.958000e+003
2.241000e+003
2.031000e+003
1.328000e+003
7.860000e+002
4.980000e+002
2.630000e+002
-2.400000e+001
-1.035000e+003
-2.221000e+003
-2.543000e+003
-2.587000e+003
-3.032000e+003
-3.359000e+003
-3.618000e+003
-3.515000e+003
-2.714000e+003
-1.748000e+003
-1.455000e+003
-1.132000e+003
-8.740000e+002
-1.542000e+003
-2.998000e+003
-3.867000e+003
-3.330000e+003
-1.738000e+003
-3.320000e+002
1.010000e+003
1.752000e+003
2.148000e+003
2.084000e+003
1.582000e+003
1.274000e+003
9.710000e+002
4.100000e+002
-3.460000e+002
-1.201000e+003
-1.840000e+003
-2.358000e+003
-2.670000e+003
-2.988000e+003
-3.598000e+003
-3.813000e+003
-3.198000e+003
-2.666000e+003
-2.314000e+003
-2.182000e+003
-2.592000e+003
-3.144000e+003
-4.370000e+003
-5.141000e+003
-4.204000e+003
-1.738000e+003
1.123000e+003
2.993000e+003
3.867000e+003
3.964000e+003
3.471000e+003
2.890000e+003
2.285000e+003
1.752000e+003
1.391000e+003
1.225000e+003
8.640000e+002
8.700000e+001
-5.710000e+002
-1.118000e+003
-2.241000e+003
-3.134000e+003
-3.266000e+003
-2.788000e+003
-2.031000e+003
-1.225000e+003
-2.580000e+002
-3.270000e+002
-1.269000e+003
-2.026000e+003
-1.953000e+003
-2.050000e+002
1.879000e+003
3.378000e+003
4.052000e+003
3.867000e+003
3.095000e+003
2.138000e+003
1.166000e+003
6.490000e+002
5.710000e+002
8.340000e+002
7.710000e+002
2.090000e+002
-1.900000e+001
-5.850000e+002
-1.240000e+003
-1.386000e+003
-1.176000e+003
-7.370000e+002
-5.800000e+001
3.950000e+002
4.880000e+002
-2.730000e+002
-1.289000e+003
-1.005000e+003
6.490000e+002
2.167000e+003
3.417000e+003
4.375000e+003
4.873000e+003
4.658000e+003
3.637000e+003
2.583000e+003
2.031000e+003
1.557000e+003
1.069000e+003
7.610000e+002
5.070000e+002
5.270000e+002
7.220000e+002
5.900000e+002
4.490000e+002
3.610000e+002
7.660000e+002
1.303000e+003
1.157000e+003
1.230000e+003
1.469000e+003
1.113000e+003
1.015000e+003
1.411000e+003
2.343000e+003
3.334000e+003
3.632000e+003
3.481000e+003
3.125000e+003
