9.570000e+002
7.170000e+002
-6.100000e+002
-1.552000e+003
-2.871000e+003
-3.437000e+003
-2.705000e+003
-2.207000e+003
-1.669000e+003
-4.050000e+002
-6.590000e+002
-2.400000e+001
1.137000e+003
1.123000e+003
5.020000e+002
4.340000e+002
8.740000e+002
4.240000e+002
1.127000e+003
8.440000e+002
3.850000e+002
-3.220000e+002
-6.000000e+002
-4.580000e+002
-2.090000e+002
2.580000e+002
1.750000e+002
-2.730000e+002
-1.900000e+001
5.800000e+001
-1.950000e+002
-8.640000e+002
-1.865000e+003
-1.406000e+003
-1.093000e+003
-1.914000e+003
-1.137000e+003
-6.150000e+002
-9.570000e+002
-1.259000e+003
-2.148000e+003
-2.045000e+003
-1.440000e+003
-5.020000e+002
-1.118000e+003
-1.767000e+003
-1.430000e+003
-1.381000e+003
-2.158000e+003
-2.290000e+003
-2.109000e+003
-1.572000e+003
-6.290000e+002
1.459000e+003
2.387000e+003
1.083000e+003
-4.290000e+002
-1.225000e+003
-3.660000e+002
4.000000e+000
-7.510000e+002
-2.070000e+003
-2.861000e+003
-1.206000e+003
8.200000e+002
2.221000e+003
2.265000e+003
1.479000e+003
-1.093000e+003
-3.212000e+003
-4.038000e+003
-3.540000e+003
-3.168000e+003
-2.641000e+003
-9.320000e+002
1.611000e+003
2.412000e+003
1.069000e+003
-5.660000e+002
-1.826000e+003
-1.684000e+003
-1.318000e+003
-1.611000e+003
-1.030000e+003
-3.070000e+002
-2.880000e+002
-5.950000e+002
-1.479000e+003
-3.271000e+003
-4.033000e+003
-2.617000e+003
-6.340000e+002
2.490000e+002
5.320000e+002
5.610000e+002
-7.610000e+002
-5.460000e+002
-1.220000e+002
-1.308000e+003
-3.188000e+003
-4.418000e+003
-5.278000e+003
-4.067000e+003
-3.144000e+003
-3.666000e+003
-3.056000e+003
-1.728000e+003
-2.368000e+003
-3.481000e+003
-4.082000e+003
-3.271000e+003
-2.421000e+003
-3.203000e+003
-2.973000e+003
-3.002000e+003
-3.432000e+003
-3.159000e+003
-3.549000e+003
-2.768000e+003
-2.514000e+003
-2.719000e+003
-2.475000e+003
-2.006000e+003
-1.499000e+003
-1.660000e+002
5.170000e+002
-1.445000e+003
-4.091000e+003
-6.352000e+003
-5.859000e+003
-4.282000e+003
-1.879000e+003
1.850000e+002
8.590000e+002
2.920000e+002
-8.390000e+002
-2.866000e+003
-4.331000e+003
-4.409000e+003
-3.310000e+003
-1.850000e+003
-7.810000e+002
-8.100000e+002
-7.170000e+002
-2.090000e+002
0.000000e+000
-2.190000e+002
-2.534000e+003
-3.627000e+003
-3.793000e+003
-4.208000e+003
-2.578000e+003
-7.420000e+002
5.320000e+002
-8.300000e+001
-2.270000e+003
-2.680000e+003
-1.718000e+003
-7.760000e+002
-9.220000e+002
-1.318000e+003
5.120000e+002
2.812000e+003
3.618000e+003
3.935000e+003
3.774000e+003
1.728000e+003
1.108000e+003
2.900000e+001
-1.533000e+003
-1.665000e+003
-1.367000e+003
-1.054000e+003
5.410000e+002
1.748000e+003
2.167000e+003
2.084000e+003
8.390000e+002
-1.342000e+003
-3.100000e+003
-4.223000e+003
-4.433000e+003
-3.481000e+003
-2.851000e+003
-1.127000e+003
1.015000e+003
2.836000e+003
4.204000e+003
4.414000e+003
2.573000e+003
6.050000e+002
-2.630000e+002
-2.797000e+003
-5.385000e+003
-5.322000e+003
-3.125000e+003
-1.674000e+003
-2.240000e+002
1.479000e+003
1.630000e+003
5.270000e+002
3.360000e+002
3.900000e+001
-6.340000e+002
-1.450000e+003
-2.187000e+003
-2.207000e+003
-2.045000e+003
-2.104000e+003
-2.226000e+003
-2.329000e+003
-1.508000e+003
-4.630000e+002
-3.750000e+002
-1.064000e+003
-1.606000e+003
-7.080000e+002
3.270000e+002
-6.300000e+001
-1.123000e+003
-1.054000e+003
-1.298000e+003
-2.490000e+003
-1.572000e+003
-1.166000e+003
-1.010000e+003
-2.400000e+001
-1.206000e+003
-3.125000e+003
-2.797000e+003
-2.773000e+003
-2.636000e+003
-1.801000e+003
-9.860000e+002
-9.760000e+002
-2.730000e+002
-1.870000e+003
-4.755000e+003
-4.077000e+003
-3.251000e+003
-4.316000e+003
-4.750000e+003
-4.687000e+003
-4.887000e+003
-4.321000e+003
-3.300000e+003
-2.875000e+003
-2.270000e+003
-2.133000e+003
-2.714000e+003
-3.608000e+003
-5.097000e+003
-5.756000e+003
-4.707000e+003
-3.989000e+003
-3.203000e+003
-2.539000e+003
-9.370000e+002
9.030000e+002
1.645000e+003
1.284000e+003
-2.630000e+002
-1.318000e+003
-2.788000e+003
-1.806000e+003
-5.410000e+002
1.070000e+002
8.980000e+002
1.440000e+003
6.250000e+002
3.560000e+002
7.800000e+001
-1.176000e+003
-1.142000e+003
-3.710000e+002
7.710000e+002
6.830000e+002
7.170000e+002
2.177000e+003
2.285000e+003
2.197000e+003
1.630000e+003
9.710000e+002
-3.070000e+002
-1.245000e+003
-1.127000e+003
-1.250000e+003
-1.430000e+003
-4.340000e+002
4.490000e+002
1.250000e+003
1.948000e+003
1.406000e+003
6.250000e+002
4.000000e+002
-3.710000e+002
-1.630000e+003
-1.640000e+003
-7.170000e+002
1.800000e+002
1.250000e+003
1.982000e+003
3.808000e+003
2.949000e+003
9.470000e+002
1.750000e+002
-1.950000e+002
-3.610000e+002
-2.440000e+002
8.880000e+002
1.713000e+003
9.570000e+002
1.176000e+003
2.631000e+003
2.363000e+003
8.300000e+002
-6.290000e+002
-2.480000e+003
-2.402000e+003
-1.582000e+003
-1.274000e+003
4.580000e+002
1.113000e+003
2.460000e+003
3.793000e+003
2.309000e+003
1.000000e+003
-1.059000e+003
-2.343000e+003
-2.622000e+003
-3.500000e+003
-2.724000e+003
-4.290000e+002
4.340000e+002
1.977000e+003
4.018000e+003
5.834000e+003
4.785000e+003
1.230000e+003
-2.970000e+002
-1.108000e+003
-1.855000e+003
-2.631000e+003
-3.544000e+003
-2.802000e+003
-1.884000e+003
-1.560000e+002
4.540000e+002
1.386000e+003
1.611000e+003
1.352000e+003
5.510000e+002
-6.590000e+002
-1.416000e+003
-1.259000e+003
-9.220000e+002
-1.308000e+003
-8.640000e+002
6.590000e+002
6.800000e+001
-2.109000e+003
-3.032000e+003
-2.265000e+003
-3.183000e+003
-4.111000e+003
-3.764000e+003
-3.989000e+003
-2.700000e+003
-1.391000e+003
-2.780000e+002
-1.400000e+001
3.800000e+002
-8.390000e+002
-1.411000e+003
-1.430000e+003
-1.860000e+003
-2.651000e+003
-3.095000e+003
-3.144000e+003
-3.105000e+003
-1.513000e+003
1.360000e+002
1.170000e+002
9.570000e+002
1.420000e+003
1.210000e+003
-1.410000e+002
-5.510000e+002
-1.147000e+003
-1.562000e+003
-6.930000e+002
-2.000000e+002
2.920000e+002
8.440000e+002
2.729000e+003
2.919000e+003
2.358000e+003
1.425000e+003
-1.220000e+002
-1.933000e+003
-2.431000e+003
-1.938000e+003
-7.510000e+002
1.250000e+003
1.069000e+003
6.250000e+002
1.420000e+003
1.787000e+003
1.445000e+003
5.170000e+002
-4.240000e+002
-7.080000e+002
-1.010000e+003
-8.000000e+002
-6.250000e+002
-5.220000e+002
4.580000e+002
8.880000e+002
3.560000e+002
1.610000e+002
7.120000e+002
-8.700000e+001
-1.162000e+003
-1.381000e+003
-3.560000e+002
-1.400000e+001
-2.050000e+002
-6.000000e+002
-5.170000e+002
-6.440000e+002
-1.308000e+003
-1.416000e+003
-5.510000e+002
-5.560000e+002
-1.328000e+003
-4.000000e+002
7.420000e+002
9.710000e+002
3.360000e+002
-4.630000e+002
-1.918000e+003
-3.002000e+003
-2.978000e+003
-2.778000e+003
-1.748000e+003
-1.025000e+003
-5.900000e+002
2.440000e+002
-9.700000e+001
-1.533000e+003
-2.021000e+003
-2.470000e+003
-1.782000e+003
-6.050000e+002
2.190000e+002
5.020000e+002
1.093000e+003
2.240000e+002
-1.542000e+003
-2.446000e+003
-2.236000e+003
-9.270000e+002
-4.240000e+002
-2.240000e+002
-4.340000e+002
-7.660000e+002
-1.025000e+003
-1.025000e+003
-1.547000e+003
-1.015000e+003
4.930000e+002
5.610000e+002
-5.170000e+002
-8.640000e+002
-3.220000e+002
-9.130000e+002
-8.000000e+002
4.000000e+000
3.320000e+002
-1.323000e+003
-2.036000e+003
-1.679000e+003
-1.425000e+003
-1.206000e+003
-1.362000e+003
-5.800000e+001
1.225000e+003
6.440000e+002
0.000000e+000
-6.290000e+002
-8.690000e+002
-9.320000e+002
-1.450000e+003
-6.830000e+002
-3.800000e+002
-2.400000e+001
6.930000e+002
7.710000e+002
2.490000e+002
-5.120000e+002
-6.730000e+002
-1.909000e+003
-2.929000e+003
-1.835000e+003
2.390000e+002
1.967000e+003
2.895000e+003
2.924000e+003
2.846000e+003
1.328000e+003
-4.730000e+002
-1.787000e+003
-1.484000e+003
-1.176000e+003
-5.800000e+001
1.982000e+003
2.875000e+003
2.983000e+003
2.993000e+003
1.669000e+003
-1.850000e+002
-7.220000e+002
-1.469000e+003
-2.558000e+003
-2.382000e+003
-1.743000e+003
-5.410000e+002
8.640000e+002
2.192000e+003
3.208000e+003
2.939000e+003
2.211000e+003
6.880000e+002
-9.810000e+002
-2.993000e+003
-3.168000e+003
-1.313000e+003
1.610000e+002
1.933000e+003
3.330000e+003
4.375000e+003
3.662000e+003
1.630000e+003
-1.400000e+001
-1.684000e+003
-2.465000e+003
-2.890000e+003
-2.856000e+003
-1.684000e+003
8.300000e+001
2.246000e+003
4.628000e+003
4.902000e+003
3.110000e+003
-2.190000e+002
-2.534000e+003
-3.740000e+003
-3.647000e+003
-2.841000e+003
-1.635000e+003
4.150000e+002
2.011000e+003
2.241000e+003
2.822000e+003
1.889000e+003
9.130000e+002
6.390000e+002
-1.240000e+003
-3.374000e+003
-3.344000e+003
-2.216000e+003
-2.290000e+003
-1.777000e+003
-8.150000e+002
-2.730000e+002
-7.810000e+002
-1.489000e+003
-1.796000e+003
-6.490000e+002
1.950000e+002
4.150000e+002
3.170000e+002
3.460000e+002
-3.850000e+002
-1.310000e+002
8.490000e+002
8.300000e+002
-7.300000e+001
-6.880000e+002
-3.750000e+002
5.900000e+002
7.560000e+002
8.050000e+002
7.710000e+002
2.290000e+002
9.320000e+002
1.591000e+003
1.591000e+003
9.170000e+002
4.300000e+001
-3.610000e+002
-2.440000e+002
2.490000e+002
4.300000e+001
-1.137000e+003
-5.850000e+002
9.470000e+002
1.059000e+003
8.590000e+002
-1.460000e+002
-5.370000e+002
4.000000e+000
-1.610000e+002
-8.250000e+002
-1.445000e+003
-2.290000e+003
-2.070000e+003
-1.093000e+003
-5.710000e+002
-6.800000e+001
-7.220000e+002
-2.294000e+003
-2.802000e+003
-3.266000e+003
-3.759000e+003
-2.661000e+003
-1.166000e+003
-1.093000e+003
-8.100000e+002
4.440000e+002
9.270000e+002
1.489000e+003
1.850000e+002
-1.372000e+003
-1.650000e+003
-1.127000e+003
-1.318000e+003
-1.391000e+003
-6.680000e+002
-3.950000e+002
6.930000e+002
1.572000e+003
1.875000e+003
9.960000e+002
-1.020000e+002
-3.220000e+002
7.120000e+002
8.930000e+002
3.850000e+002
7.800000e+001
1.035000e+003
1.469000e+003
6.440000e+002
-1.020000e+002
-3.410000e+002
4.150000e+002
7.910000e+002
2.580000e+002
1.310000e+002
3.660000e+002
3.400000e+001
2.830000e+002
6.830000e+002
-9.000000e+000
4.800000e+001
7.320000e+002
1.328000e+003
1.718000e+003
1.347000e+003
-1.610000e+002
-3.320000e+002
2.880000e+002
3.900000e+001
-1.191000e+003
-6.880000e+002
-2.730000e+002
-4.190000e+002
-3.170000e+002
-2.190000e+002
3.710000e+002
3.170000e+002
-5.070000e+002
-9.810000e+002
-8.440000e+002
-1.950000e+002
9.000000e+000
-3.400000e+001
1.596000e+003
2.407000e+003
2.011000e+003
1.948000e+003
5.300000e+001
-7.660000e+002
-1.225000e+003
-1.015000e+003
-1.220000e+002
2.900000e+001
1.064000e+003
2.421000e+003
1.777000e+003
3.070000e+002
-6.250000e+002
-1.728000e+003
-2.324000e+003
-1.337000e+003
-5.850000e+002
6.490000e+002
1.181000e+003
2.143000e+003
3.496000e+003
3.090000e+003
2.636000e+003
9.080000e+002
-5.370000e+002
-1.694000e+003
-1.635000e+003
-1.088000e+003
-7.950000e+002
6.780000e+002
8.590000e+002
7.710000e+002
2.675000e+003
3.076000e+003
1.279000e+003
5.460000e+002
-4.240000e+002
-1.347000e+003
-1.601000e+003
-2.730000e+002
7.220000e+002
1.171000e+003
6.490000e+002
6.250000e+002
1.206000e+003
6.590000e+002
1.900000e+001
-1.342000e+003
-1.596000e+003
-7.760000e+002
-2.530000e+002
1.400000e+001
-1.700000e+002
4.440000e+002
1.464000e+003
1.586000e+003
1.098000e+003
-2.240000e+002
-5.070000e+002
6.390000e+002
1.005000e+003
