-1.440000e+003
-1.303000e+003
-1.464000e+003
-1.440000e+003
-1.518000e+003
-1.577000e+003
-1.455000e+003
-8.590000e+002
-3.660000e+002
-6.200000e+002
-4.490000e+002
5.800000e+001
1.170000e+002
-9.000000e+000
-2.830000e+002
-2.530000e+002
3.610000e+002
3.170000e+002
1.850000e+002
-9.700000e+001
-5.320000e+002
-9.370000e+002
-7.220000e+002
-6.050000e+002
-1.118000e+003
-9.910000e+002
-4.000000e+002
-6.800000e+001
3.750000e+002
1.118000e+003
7.710000e+002
1.950000e+002
1.610000e+002
-1.220000e+002
-6.730000e+002
-1.054000e+003
-7.470000e+002
-2.490000e+002
3.460000e+002
1.142000e+003
1.367000e+003
4.630000e+002
-1.005000e+003
-8.000000e+002
2.530000e+002
4.680000e+002
3.170000e+002
-2.340000e+002
-7.910000e+002
-6.050000e+002
-1.310000e+002
3.070000e+002
1.137000e+003
1.367000e+003
5.900000e+002
-3.360000e+002
-1.950000e+002
4.580000e+002
3.510000e+002
-4.190000e+002
-6.640000e+002
-3.800000e+002
8.540000e+002
1.694000e+003
1.899000e+003
1.831000e+003
5.810000e+002
-1.137000e+003
-2.280000e+003
-2.431000e+003
-1.782000e+003
-1.259000e+003
-6.680000e+002
3.400000e+001
6.290000e+002
9.370000e+002
2.000000e+002
-1.503000e+003
-2.324000e+003
-2.148000e+003
-1.728000e+003
-1.064000e+003
-2.000000e+002
6.000000e+002
1.201000e+003
1.430000e+003
5.710000e+002
-3.710000e+002
-1.606000e+003
-2.504000e+003
-1.987000e+003
-8.440000e+002
1.120000e+002
3.660000e+002
-3.070000e+002
-5.610000e+002
3.710000e+002
5.510000e+002
-6.390000e+002
-1.464000e+003
-1.464000e+003
-9.170000e+002
-2.900000e+001
1.220000e+002
-2.050000e+002
-8.300000e+002
-1.879000e+003
-2.280000e+003
-1.752000e+003
-5.370000e+002
8.050000e+002
9.960000e+002
1.260000e+002
-5.660000e+002
-1.323000e+003
-2.036000e+003
-2.114000e+003
-1.630000e+003
-1.015000e+003
-6.730000e+002
-1.010000e+003
-1.401000e+003
-1.152000e+003
-1.030000e+003
-4.680000e+002
1.900000e+002
-3.070000e+002
-2.221000e+003
-3.554000e+003
-3.339000e+003
-1.958000e+003
-2.630000e+002
6.780000e+002
3.270000e+002
-1.220000e+003
-1.977000e+003
-2.382000e+003
-2.617000e+003
-2.460000e+003
-1.376000e+003
6.590000e+002
2.006000e+003
1.127000e+003
-1.240000e+003
-2.612000e+003
-2.543000e+003
-2.612000e+003
-2.797000e+003
-1.401000e+003
4.000000e+002
2.530000e+002
-2.190000e+002
-1.360000e+002
-2.730000e+002
-1.088000e+003
-2.265000e+003
-1.899000e+003
-5.950000e+002
-2.920000e+002
-5.170000e+002
-1.000000e+003
-1.596000e+003
-1.630000e+003
-1.538000e+003
-9.610000e+002
-5.170000e+002
-3.610000e+002
-6.200000e+002
-1.474000e+003
-2.045000e+003
-2.490000e+003
-2.592000e+003
-2.734000e+003
-3.203000e+003
-3.583000e+003
-2.797000e+003
-2.148000e+003
-2.465000e+003
-2.036000e+003
-1.499000e+003
-2.275000e+003
-3.305000e+003
-3.740000e+003
-3.457000e+003
-3.129000e+003
-3.286000e+003
-3.173000e+003
-2.182000e+003
-9.570000e+002
-6.290000e+002
-4.780000e+002
-4.680000e+002
-1.782000e+003
-2.998000e+003
-3.549000e+003
-3.886000e+003
-2.949000e+003
-1.503000e+003
-8.980000e+002
-1.533000e+003
-1.962000e+003
-1.699000e+003
-1.835000e+003
-1.791000e+003
-2.260000e+003
-2.436000e+003
-2.412000e+003
-2.797000e+003
-2.895000e+003
-2.915000e+003
-3.032000e+003
-2.680000e+003
-2.875000e+003
-2.861000e+003
-2.690000e+003
-2.011000e+003
-8.590000e+002
1.360000e+002
9.520000e+002
-5.320000e+002
-3.183000e+003
-4.082000e+003
-4.252000e+003
-4.052000e+003
-3.750000e+003
-2.836000e+003
-2.197000e+003
-2.202000e+003
-3.134000e+003
-3.818000e+003
-3.750000e+003
-3.696000e+003
-2.817000e+003
-1.948000e+003
-1.372000e+003
-1.557000e+003
-1.855000e+003
-1.777000e+003
-2.114000e+003
-2.451000e+003
-3.012000e+003
-3.403000e+003
-3.466000e+003
-3.432000e+003
-3.432000e+003
-3.281000e+003
-2.846000e+003
-2.739000e+003
-2.368000e+003
-2.836000e+003
-3.964000e+003
-4.213000e+003
-3.657000e+003
-2.553000e+003
-1.801000e+003
-1.362000e+003
-7.760000e+002
-1.220000e+002
-2.780000e+002
-8.390000e+002
-2.075000e+003
-3.500000e+003
-4.194000e+003
-3.833000e+003
-2.446000e+003
-7.860000e+002
6.880000e+002
-4.800000e+001
-1.186000e+003
-2.392000e+003
-3.120000e+003
-3.085000e+003
-1.933000e+003
-2.090000e+002
1.171000e+003
1.640000e+003
1.274000e+003
4.290000e+002
-9.570000e+002
-1.674000e+003
-1.835000e+003
-1.152000e+003
-5.070000e+002
-3.270000e+002
-3.660000e+002
-2.880000e+002
-6.800000e+001
2.680000e+002
2.920000e+002
2.490000e+002
2.000000e+002
9.200000e+001
0.000000e+000
-6.880000e+002
-1.293000e+003
-3.750000e+002
9.420000e+002
1.328000e+003
2.920000e+002
-7.610000e+002
-1.484000e+003
-1.958000e+003
-1.464000e+003
-5.760000e+002
5.070000e+002
1.616000e+003
1.225000e+003
-3.460000e+002
-1.699000e+003
-1.484000e+003
-1.064000e+003
-1.005000e+003
-2.680000e+002
8.640000e+002
1.787000e+003
1.225000e+003
-6.250000e+002
-2.299000e+003
-3.056000e+003
-2.890000e+003
-2.192000e+003
-6.880000e+002
1.000000e+003
1.328000e+003
1.410000e+002
-9.520000e+002
-1.513000e+003
-1.879000e+003
-1.611000e+003
-7.950000e+002
1.120000e+002
1.298000e+003
1.821000e+003
1.459000e+003
7.080000e+002
3.020000e+002
4.240000e+002
-3.710000e+002
-7.370000e+002
-1.950000e+002
-2.440000e+002
-6.300000e+001
-1.850000e+002
-1.113000e+003
-1.416000e+003
-1.171000e+003
-5.460000e+002
9.200000e+001
-1.560000e+002
-1.044000e+003
-9.910000e+002
-1.386000e+003
-2.783000e+003
-3.374000e+003
-2.973000e+003
-2.558000e+003
-2.641000e+003
-1.938000e+003
-1.235000e+003
-8.880000e+002
-1.245000e+003
-1.625000e+003
-1.289000e+003
-1.284000e+003
-1.772000e+003
-2.021000e+003
-2.314000e+003
-1.665000e+003
-4.540000e+002
-4.780000e+002
-2.970000e+002
3.320000e+002
-4.300000e+001
-5.460000e+002
-7.810000e+002
-1.040000e+003
-1.010000e+003
-4.100000e+002
-2.190000e+002
-6.490000e+002
-1.035000e+003
-9.470000e+002
-9.080000e+002
-8.930000e+002
-1.660000e+002
6.880000e+002
1.284000e+003
1.279000e+003
3.320000e+002
-8.490000e+002
-1.245000e+003
-1.064000e+003
-1.044000e+003
-8.690000e+002
-2.900000e+001
2.530000e+002
-9.960000e+002
-2.709000e+003
-2.895000e+003
-2.167000e+003
-1.572000e+003
-1.162000e+003
-5.800000e+001
4.680000e+002
-6.490000e+002
-2.343000e+003
-3.149000e+003
-3.041000e+003
-2.592000e+003
-2.006000e+003
-1.484000e+003
-1.118000e+003
-1.118000e+003
-2.709000e+003
-3.789000e+003
-3.828000e+003
-3.427000e+003
-2.768000e+003
-1.640000e+003
-1.510000e+002
3.120000e+002
-1.303000e+003
-2.880000e+003
-3.251000e+003
-3.354000e+003
-3.857000e+003
-3.823000e+003
-2.690000e+003
-3.120000e+002
1.020000e+003
2.190000e+002
-9.080000e+002
-2.529000e+003
-3.984000e+003
-4.321000e+003
-3.793000e+003
-2.314000e+003
-2.780000e+002
8.050000e+002
-4.340000e+002
-3.027000e+003
-3.925000e+003
-3.500000e+003
-3.691000e+003
-3.793000e+003
-3.496000e+003
-3.383000e+003
-3.237000e+003
-3.613000e+003
-3.930000e+003
-4.345000e+003
-4.101000e+003
-3.359000e+003
-2.695000e+003
-2.387000e+003
-1.767000e+003
-1.879000e+003
-2.050000e+003
-2.382000e+003
-2.172000e+003
-1.264000e+003
-1.015000e+003
-1.142000e+003
-1.298000e+003
-1.782000e+003
-2.348000e+003
-2.587000e+003
-2.519000e+003
-2.207000e+003
-8.150000e+002
5.170000e+002
4.780000e+002
-4.340000e+002
-1.381000e+003
-1.875000e+003
-1.645000e+003
-8.880000e+002
1.310000e+002
1.547000e+003
1.098000e+003
-8.640000e+002
-3.022000e+003
-4.033000e+003
-3.735000e+003
-3.364000e+003
-2.324000e+003
-4.540000e+002
1.049000e+003
8.390000e+002
-2.830000e+002
-1.855000e+003
-3.339000e+003
-3.525000e+003
-2.841000e+003
-1.796000e+003
-6.590000e+002
4.800000e+001
9.200000e+001
-4.050000e+002
-1.010000e+003
-1.748000e+003
-2.480000e+003
-3.173000e+003
-2.812000e+003
-1.655000e+003
-1.400000e+001
1.269000e+003
1.313000e+003
8.880000e+002
3.360000e+002
-2.730000e+002
-8.440000e+002
-1.289000e+003
-1.479000e+003
-1.118000e+003
-6.730000e+002
-7.030000e+002
-1.900000e+001
1.406000e+003
1.230000e+003
-1.220000e+002
-1.406000e+003
-2.167000e+003
-2.553000e+003
-2.680000e+003
-2.119000e+003
-2.490000e+002
1.386000e+003
2.363000e+003
1.787000e+003
-2.050000e+002
-2.280000e+003
-3.359000e+003
-4.394000e+003
-5.288000e+003
-4.755000e+003
-2.119000e+003
5.850000e+002
1.557000e+003
8.440000e+002
-3.750000e+002
-1.879000e+003
-3.017000e+003
-3.657000e+003
-3.676000e+003
-3.544000e+003
-3.417000e+003
-2.622000e+003
-1.870000e+003
-1.098000e+003
1.260000e+002
5.850000e+002
-1.220000e+002
-1.884000e+003
-3.979000e+003
-4.765000e+003
-4.619000e+003
-4.345000e+003
-3.388000e+003
-1.567000e+003
0.000000e+000
1.610000e+002
-2.440000e+002
-1.098000e+003
-2.114000e+003
-2.412000e+003
-2.407000e+003
-1.655000e+003
-1.333000e+003
-1.723000e+003
-2.260000e+003
-2.656000e+003
-3.217000e+003
-3.388000e+003
-2.631000e+003
-2.065000e+003
-1.601000e+003
-1.328000e+003
-1.176000e+003
-1.640000e+003
-2.446000e+003
-3.715000e+003
-4.462000e+003
-3.911000e+003
-2.700000e+003
-1.787000e+003
-1.191000e+003
-1.308000e+003
-2.045000e+003
-3.046000e+003
-3.452000e+003
-2.866000e+003
-2.329000e+003
-2.329000e+003
-1.875000e+003
-1.582000e+003
-1.367000e+003
-8.740000e+002
-9.420000e+002
-8.780000e+002
-1.230000e+003
-1.733000e+003
-1.586000e+003
-1.704000e+003
-1.831000e+003
-1.064000e+003
-2.530000e+002
-6.300000e+001
-4.000000e+000
-8.050000e+002
-1.362000e+003
-9.470000e+002
-8.640000e+002
-1.284000e+003
-1.391000e+003
-5.220000e+002
5.760000e+002
1.489000e+003
1.181000e+003
-5.810000e+002
-2.119000e+003
-2.797000e+003
-3.310000e+003
-3.471000e+003
-2.617000e+003
-2.340000e+002
1.333000e+003
1.401000e+003
1.035000e+003
5.270000e+002
1.170000e+002
-5.610000e+002
-1.860000e+003
-1.923000e+003
-1.542000e+003
-7.510000e+002
1.510000e+002
1.900000e+002
-1.020000e+002
-8.930000e+002
-1.928000e+003
-2.514000e+003
-2.670000e+003
-2.875000e+003
-2.255000e+003
-8.150000e+002
2.880000e+002
8.340000e+002
4.240000e+002
-2.830000e+002
-1.367000e+003
-2.363000e+003
-2.705000e+003
-3.164000e+003
-3.378000e+003
-2.553000e+003
-1.030000e+003
2.880000e+002
6.250000e+002
2.730000e+002
-6.730000e+002
-1.601000e+003
-2.187000e+003
-2.407000e+003
-2.006000e+003
-1.269000e+003
-8.490000e+002
-3.220000e+002
3.400000e+001
-4.100000e+002
-7.660000e+002
-1.079000e+003
-1.699000e+003
-2.075000e+003
-2.119000e+003
-2.084000e+003
-1.850000e+003
-1.508000e+003
-1.503000e+003
-1.430000e+003
-1.362000e+003
-1.914000e+003
-2.656000e+003
-2.436000e+003
-1.640000e+003
-7.610000e+002
-1.610000e+002
5.710000e+002
8.390000e+002
4.830000e+002
4.880000e+002
-3.270000e+002
-1.562000e+003
-1.967000e+003
-2.495000e+003
-2.983000e+003
-2.202000e+003
-1.362000e+003
-9.170000e+002
-1.201000e+003
-1.884000e+003
-2.485000e+003
-3.598000e+003
-4.262000e+003
-3.710000e+003
-2.871000e+003
-2.275000e+003
-9.760000e+002
6.590000e+002
1.215000e+003
5.850000e+002
-1.166000e+003
-2.324000e+003
-2.900000e+003
-3.295000e+003
-3.286000e+003
-2.685000e+003
-1.416000e+003
-3.120000e+002
6.930000e+002
9.130000e+002
4.780000e+002
-7.300000e+001
-1.352000e+003
-2.470000e+003
-2.680000e+003
-2.910000e+003
-2.255000e+003
-1.098000e+003
-6.490000e+002
-5.850000e+002
-6.100000e+002
-9.170000e+002
-1.372000e+003
-1.962000e+003
-2.080000e+003
-1.928000e+003
-2.084000e+003
-2.070000e+003
-9.660000e+002
-4.300000e+001
-3.120000e+002
-6.100000e+002
-1.025000e+003
-1.528000e+003
-1.728000e+003
-1.855000e+003
-2.070000e+003
-2.651000e+003
-3.115000e+003
