-9.220000e+002
-1.030000e+003
-1.875000e+003
-3.120000e+003
-3.808000e+003
-3.325000e+003
-3.515000e+003
-3.525000e+003
-2.900000e+003
-2.656000e+003
-2.377000e+003
-1.948000e+003
-1.601000e+003
-1.357000e+003
-2.407000e+003
-2.963000e+003
-2.500000e+003
-2.041000e+003
-2.109000e+003
-2.495000e+003
-2.084000e+003
-2.880000e+003
-3.554000e+003
-3.422000e+003
-4.418000e+003
-4.824000e+003
-3.496000e+003
-2.895000e+003
-2.963000e+003
-2.768000e+003
-2.685000e+003
-2.158000e+003
-1.801000e+003
-1.938000e+003
-2.719000e+003
-3.691000e+003
-3.593000e+003
-3.051000e+003
-3.032000e+003
-2.958000e+003
-2.885000e+003
-2.426000e+003
-2.016000e+003
-1.684000e+003
-1.406000e+003
-1.870000e+003
-2.475000e+003
-2.475000e+003
-2.255000e+003
-2.539000e+003
-2.104000e+003
-1.337000e+003
-1.610000e+002
4.000000e+000
-3.020000e+002
7.300000e+001
1.310000e+002
-6.640000e+002
-9.030000e+002
-1.240000e+003
-1.489000e+003
-2.338000e+003
-2.622000e+003
-1.357000e+003
7.560000e+002
1.396000e+003
1.900000e+002
-1.132000e+003
-3.081000e+003
-4.853000e+003
-4.838000e+003
-3.393000e+003
-2.324000e+003
-5.850000e+002
1.162000e+003
1.313000e+003
-6.440000e+002
-2.666000e+003
-3.588000e+003
-4.448000e+003
-4.399000e+003
-3.012000e+003
-1.669000e+003
-1.015000e+003
0.000000e+000
7.120000e+002
-1.752000e+003
-5.029000e+003
-6.254000e+003
-5.776000e+003
-5.078000e+003
-3.286000e+003
-1.245000e+003
1.950000e+002
-2.440000e+002
-1.748000e+003
-7.860000e+002
-2.970000e+002
-2.099000e+003
-4.204000e+003
-5.834000e+003
-5.971000e+003
-4.877000e+003
-3.378000e+003
-2.485000e+003
-2.695000e+003
-2.592000e+003
-2.749000e+003
-4.150000e+003
-5.024000e+003
-5.869000e+003
-7.133000e+003
-7.548000e+003
-7.329000e+003
-7.636000e+003
-7.065000e+003
-5.249000e+003
-4.770000e+003
-4.624000e+003
-4.101000e+003
-3.828000e+003
-3.676000e+003
-3.251000e+003
-2.246000e+003
-1.831000e+003
-2.792000e+003
-4.833000e+003
-7.167000e+003
-8.090000e+003
-7.202000e+003
-4.956000e+003
-2.856000e+003
-1.850000e+003
-1.113000e+003
-1.210000e+003
-2.172000e+003
-3.876000e+003
-5.180000e+003
-5.981000e+003
-5.947000e+003
-6.079000e+003
-5.312000e+003
-3.950000e+003
-2.875000e+003
-1.562000e+003
-1.800000e+002
-1.323000e+003
-3.266000e+003
-3.754000e+003
-4.140000e+003
-3.979000e+003
-2.846000e+003
-2.329000e+003
-2.465000e+003
-1.958000e+003
-2.910000e+003
-4.130000e+003
-3.491000e+003
-1.865000e+003
-1.289000e+003
-1.894000e+003
-5.510000e+002
1.699000e+003
2.280000e+003
1.879000e+003
2.190000e+002
-1.865000e+003
-2.309000e+003
-1.997000e+003
-1.293000e+003
-4.050000e+002
-7.950000e+002
-1.318000e+003
1.900000e+002
1.591000e+003
3.378000e+003
3.374000e+003
4.440000e+002
-2.919000e+003
-4.951000e+003
-5.488000e+003
-4.882000e+003
-4.213000e+003
-3.813000e+003
-1.596000e+003
8.590000e+002
1.279000e+003
1.440000e+003
1.171000e+003
6.800000e+001
-2.016000e+003
-3.579000e+003
-4.697000e+003
-5.610000e+003
-5.097000e+003
-4.399000e+003
-4.731000e+003
-4.028000e+003
-2.416000e+003
-2.387000e+003
-2.753000e+003
-2.382000e+003
-2.275000e+003
-2.534000e+003
-2.705000e+003
-2.675000e+003
-2.958000e+003
-3.178000e+003
-2.958000e+003
-3.227000e+003
-3.139000e+003
-2.744000e+003
-2.495000e+003
-9.910000e+002
-7.560000e+002
-1.093000e+003
-8.540000e+002
-1.547000e+003
-3.081000e+003
-4.951000e+003
-5.522000e+003
-5.102000e+003
-4.614000e+003
-3.461000e+003
-1.865000e+003
-5.900000e+002
-9.320000e+002
-3.613000e+003
-5.800000e+003
-6.284000e+003
-5.297000e+003
-4.121000e+003
-3.144000e+003
-2.456000e+003
-1.713000e+003
-1.660000e+003
-2.880000e+003
-4.931000e+003
-5.620000e+003
-5.161000e+003
-4.799000e+003
-4.829000e+003
-5.722000e+003
-5.888000e+003
-4.873000e+003
-3.852000e+003
-3.671000e+003
-4.658000e+003
-4.584000e+003
-4.521000e+003
-4.257000e+003
-4.375000e+003
-5.000000e+003
-4.721000e+003
-5.004000e+003
-4.892000e+003
-4.428000e+003
-3.447000e+003
-2.695000e+003
-2.529000e+003
-1.870000e+003
-2.436000e+003
-3.017000e+003
-3.100000e+003
-2.875000e+003
-2.744000e+003
-2.124000e+003
-2.124000e+003
-1.997000e+003
-1.708000e+003
-1.650000e+003
-1.645000e+003
-2.358000e+003
-2.045000e+003
-1.372000e+003
-1.142000e+003
-1.474000e+003
-1.552000e+003
-8.540000e+002
-9.810000e+002
-1.123000e+003
-9.960000e+002
-1.953000e+003
-3.066000e+003
-3.759000e+003
-3.901000e+003
-2.978000e+003
-2.797000e+003
-3.154000e+003
-2.646000e+003
-2.480000e+003
-1.381000e+003
-1.372000e+003
-2.465000e+003
-2.744000e+003
-2.416000e+003
-2.626000e+003
-3.383000e+003
-2.626000e+003
-8.440000e+002
-2.140000e+002
-9.000000e+000
3.900000e+002
2.440000e+002
-1.260000e+002
-2.780000e+002
9.200000e+001
2.440000e+002
-8.690000e+002
-9.660000e+002
-5.020000e+002
-1.469000e+003
-1.625000e+003
4.150000e+002
1.025000e+003
7.370000e+002
7.760000e+002
-3.750000e+002
-1.064000e+003
-2.340000e+002
-7.320000e+002
-7.810000e+002
-9.200000e+001
7.560000e+002
1.650000e+003
1.948000e+003
1.787000e+003
3.850000e+002
-1.347000e+003
-2.368000e+003
-1.977000e+003
-1.411000e+003
-1.337000e+003
-7.370000e+002
9.200000e+001
1.547000e+003
3.071000e+003
1.655000e+003
-4.630000e+002
-1.176000e+003
-1.557000e+003
-1.782000e+003
-2.221000e+003
-2.568000e+003
-1.914000e+003
-1.347000e+003
-1.396000e+003
-1.206000e+003
-1.123000e+003
-1.499000e+003
-1.586000e+003
-1.284000e+003
-1.313000e+003
-7.030000e+002
5.510000e+002
1.826000e+003
3.359000e+003
3.710000e+003
3.139000e+003
1.787000e+003
-1.054000e+003
-2.954000e+003
-2.983000e+003
-2.958000e+003
-1.728000e+003
-6.540000e+002
-1.020000e+003
-9.760000e+002
5.800000e+001
3.120000e+002
4.730000e+002
8.100000e+002
5.220000e+002
-1.260000e+002
-2.530000e+002
-7.300000e+001
-1.259000e+003
-2.998000e+003
-3.603000e+003
-2.812000e+003
-1.889000e+003
-1.416000e+003
-6.930000e+002
-5.760000e+002
-9.760000e+002
-1.596000e+003
-1.591000e+003
-2.060000e+003
-2.910000e+003
-3.105000e+003
-2.768000e+003
-1.850000e+003
-3.950000e+002
1.510000e+002
-6.300000e+001
-7.660000e+002
-1.557000e+003
-2.158000e+003
-1.972000e+003
-1.982000e+003
-2.934000e+003
-3.486000e+003
-2.509000e+003
-1.469000e+003
-1.625000e+003
-1.503000e+003
-1.323000e+003
-1.313000e+003
-2.138000e+003
-3.559000e+003
-4.165000e+003
-3.828000e+003
-2.377000e+003
-1.791000e+003
-2.368000e+003
-1.928000e+003
-1.455000e+003
-1.601000e+003
-2.319000e+003
-2.416000e+003
-1.748000e+003
-1.254000e+003
-2.340000e+002
3.560000e+002
-3.660000e+002
-1.113000e+003
-7.170000e+002
-8.700000e+001
-1.900000e+001
-7.030000e+002
-1.352000e+003
-1.376000e+003
-6.680000e+002
-7.470000e+002
-1.484000e+003
-1.137000e+003
-1.284000e+003
-1.645000e+003
-1.523000e+003
-2.290000e+003
-3.857000e+003
-3.769000e+003
-3.359000e+003
-3.100000e+003
-2.788000e+003
-2.612000e+003
-2.236000e+003
-1.484000e+003
-7.470000e+002
-6.780000e+002
-1.914000e+003
-3.027000e+003
-3.271000e+003
-2.973000e+003
-2.695000e+003
-3.095000e+003
-3.110000e+003
-2.563000e+003
-2.919000e+003
-2.939000e+003
-2.822000e+003
-2.592000e+003
-1.469000e+003
-8.300000e+002
-1.308000e+003
-1.508000e+003
-1.347000e+003
-1.381000e+003
-6.250000e+002
-1.510000e+002
-1.079000e+003
-8.150000e+002
-8.700000e+001
-2.340000e+002
3.400000e+001
-2.340000e+002
1.900000e+001
4.050000e+002
-2.900000e+001
-1.938000e+003
-2.558000e+003
-2.407000e+003
-2.426000e+003
-2.543000e+003
-2.241000e+003
-1.743000e+003
-1.875000e+003
-2.236000e+003
-2.504000e+003
-2.651000e+003
-2.724000e+003
-2.954000e+003
-3.359000e+003
-2.949000e+003
-2.573000e+003
-2.421000e+003
-1.367000e+003
-5.270000e+002
-1.254000e+003
-2.099000e+003
-3.266000e+003
-3.637000e+003
-3.818000e+003
-2.568000e+003
-7.470000e+002
3.170000e+002
2.730000e+002
-2.530000e+002
-7.950000e+002
-7.860000e+002
-8.250000e+002
-7.910000e+002
-7.080000e+002
-1.170000e+002
2.390000e+002
1.510000e+002
3.850000e+002
9.960000e+002
1.772000e+003
9.520000e+002
-8.700000e+001
6.800000e+001
1.220000e+002
-2.780000e+002
-4.390000e+002
-5.320000e+002
-2.780000e+002
6.930000e+002
2.216000e+003
2.465000e+003
1.845000e+003
1.787000e+003
2.563000e+003
1.635000e+003
5.850000e+002
1.560000e+002
2.400000e+001
6.830000e+002
1.967000e+003
2.875000e+003
3.369000e+003
2.109000e+003
2.680000e+002
-3.710000e+002
4.580000e+002
1.201000e+003
1.035000e+003
3.170000e+002
-5.850000e+002
1.610000e+002
1.523000e+003
1.943000e+003
1.494000e+003
2.240000e+002
-5.120000e+002
-4.980000e+002
-9.570000e+002
-1.635000e+003
-1.381000e+003
-7.860000e+002
-5.120000e+002
4.300000e+001
7.860000e+002
8.440000e+002
3.410000e+002
-5.800000e+001
-1.503000e+003
-1.894000e+003
-2.275000e+003
-2.407000e+003
-2.011000e+003
-1.992000e+003
-1.416000e+003
-5.850000e+002
-9.860000e+002
-1.845000e+003
-2.783000e+003
-2.792000e+003
-1.215000e+003
-6.300000e+001
3.410000e+002
-3.070000e+002
-5.220000e+002
-7.610000e+002
-1.000000e+003
-1.289000e+003
-2.246000e+003
-2.309000e+003
-1.362000e+003
-5.810000e+002
1.900000e+001
1.750000e+002
-2.730000e+002
-6.440000e+002
-9.710000e+002
-1.684000e+003
-8.000000e+002
2.900000e+001
-6.640000e+002
-7.220000e+002
-4.440000e+002
-1.245000e+003
-9.710000e+002
-7.910000e+002
-1.494000e+003
-1.069000e+003
-6.730000e+002
-5.070000e+002
4.440000e+002
7.800000e+001
-5.510000e+002
-2.730000e+002
-4.980000e+002
-1.015000e+003
-1.303000e+003
-1.752000e+003
-1.821000e+003
-2.041000e+003
-1.635000e+003
-1.420000e+003
-2.265000e+003
-2.431000e+003
-1.674000e+003
-1.406000e+003
-1.582000e+003
-1.606000e+003
-1.562000e+003
-1.557000e+003
-1.210000e+003
2.240000e+002
4.100000e+002
7.610000e+002
1.337000e+003
5.370000e+002
4.800000e+001
2.340000e+002
-6.730000e+002
-1.660000e+003
-1.323000e+003
0.000000e+000
1.269000e+003
1.943000e+003
1.489000e+003
5.610000e+002
-9.000000e+000
-3.020000e+002
5.810000e+002
9.370000e+002
-4.880000e+002
-1.162000e+003
-1.074000e+003
-1.750000e+002
8.540000e+002
6.930000e+002
1.800000e+002
1.152000e+003
2.016000e+003
1.538000e+003
2.680000e+002
-3.270000e+002
-9.000000e+000
1.059000e+003
1.157000e+003
1.914000e+003
2.246000e+003
1.313000e+003
7.170000e+002
1.235000e+003
1.538000e+003
1.093000e+003
4.800000e+001
-7.800000e+001
-7.610000e+002
-1.704000e+003
-1.494000e+003
-1.606000e+003
-1.420000e+003
-1.098000e+003
-1.201000e+003
-6.730000e+002
-1.800000e+002
-6.250000e+002
-1.064000e+003
-5.170000e+002
3.900000e+001
-1.070000e+002
1.700000e+002
8.490000e+002
8.830000e+002
5.760000e+002
-2.830000e+002
-9.570000e+002
-9.760000e+002
-6.980000e+002
-9.610000e+002
-4.980000e+002
3.070000e+002
7.420000e+002
5.410000e+002
-1.750000e+002
-1.372000e+003
-2.460000e+003
-3.315000e+003
-3.383000e+003
-2.309000e+003
-1.645000e+003
-1.630000e+003
-1.445000e+003
-1.220000e+002
1.811000e+003
2.866000e+003
2.333000e+003
1.640000e+003
1.171000e+003
5.170000e+002
-6.300000e+001
3.070000e+002
6.780000e+002
9.170000e+002
1.479000e+003
2.246000e+003
1.748000e+003
9.910000e+002
2.190000e+002
-1.660000e+002
-8.340000e+002
-1.533000e+003
-8.000000e+002
-4.800000e+001
-7.800000e+001
-3.900000e+002
-2.530000e+002
2.140000e+002
5.660000e+002
-1.510000e+002
-5.410000e+002
-1.059000e+003
-1.674000e+003
-1.225000e+003
-5.610000e+002
-1.310000e+002
5.460000e+002
1.284000e+003
1.733000e+003
8.540000e+002
-4.390000e+002
-1.206000e+003
-2.182000e+003
-2.211000e+003
-1.787000e+003
