-1.533000e+003
-1.425000e+003
-2.382000e+003
-2.988000e+003
-3.872000e+003
-4.365000e+003
-3.793000e+003
-3.447000e+003
-2.651000e+003
-1.606000e+003
-1.782000e+003
-1.127000e+003
-5.300000e+001
-2.780000e+002
-1.142000e+003
-1.401000e+003
-6.640000e+002
-9.710000e+002
-5.170000e+002
-1.206000e+003
-1.801000e+003
-2.456000e+003
-2.304000e+003
-2.060000e+003
-2.368000e+003
-2.158000e+003
-1.918000e+003
-1.879000e+003
-1.748000e+003
-1.376000e+003
-1.411000e+003
-2.172000e+003
-2.998000e+003
-3.090000e+003
-3.671000e+003
-3.974000e+003
-2.753000e+003
-2.392000e+003
-3.007000e+003
-2.929000e+003
-3.408000e+003
-3.642000e+003
-3.999000e+003
-3.647000e+003
-3.540000e+003
-3.500000e+003
-3.344000e+003
-3.579000e+003
-4.438000e+003
-4.384000e+003
-4.028000e+003
-3.862000e+003
-2.988000e+003
-6.390000e+002
-2.340000e+002
-2.036000e+003
-2.817000e+003
-3.178000e+003
-2.641000e+003
-3.183000e+003
-4.287000e+003
-4.956000e+003
-4.892000e+003
-3.007000e+003
-1.406000e+003
-5.810000e+002
-1.640000e+003
-2.480000e+003
-3.906000e+003
-4.892000e+003
-4.912000e+003
-4.858000e+003
-4.975000e+003
-4.692000e+003
-3.139000e+003
-9.420000e+002
7.800000e+001
-9.130000e+002
-2.871000e+003
-4.150000e+003
-3.994000e+003
-3.466000e+003
-3.256000e+003
-2.368000e+003
-1.503000e+003
-1.718000e+003
-2.153000e+003
-2.841000e+003
-4.291000e+003
-5.375000e+003
-4.516000e+003
-2.553000e+003
-1.723000e+003
-1.674000e+003
-1.552000e+003
-2.622000e+003
-1.972000e+003
-1.015000e+003
-2.392000e+003
-4.580000e+003
-5.595000e+003
-5.996000e+003
-4.658000e+003
-3.530000e+003
-3.735000e+003
-3.427000e+003
-3.076000e+003
-3.920000e+003
-4.077000e+003
-3.549000e+003
-2.353000e+003
-1.445000e+003
-2.675000e+003
-3.286000e+003
-3.339000e+003
-3.842000e+003
-3.920000e+003
-4.052000e+003
-2.836000e+003
-2.495000e+003
-2.739000e+003
-2.426000e+003
-1.816000e+003
-1.386000e+003
-1.410000e+002
7.760000e+002
-9.760000e+002
-3.759000e+003
-6.528000e+003
-6.284000e+003
-4.350000e+003
-1.870000e+003
0.000000e+000
7.610000e+002
-1.410000e+002
-1.328000e+003
-3.012000e+003
-4.501000e+003
-4.345000e+003
-3.017000e+003
-8.640000e+002
1.152000e+003
7.170000e+002
-2.780000e+002
-2.920000e+002
-2.490000e+002
-3.660000e+002
-2.250000e+003
-2.705000e+003
-2.368000e+003
-3.681000e+003
-3.378000e+003
-1.357000e+003
2.680000e+002
-9.370000e+002
-3.237000e+003
-3.193000e+003
-1.909000e+003
-9.570000e+002
-1.660000e+003
-2.294000e+003
-7.420000e+002
1.210000e+003
1.933000e+003
2.246000e+003
2.358000e+003
1.059000e+003
-2.680000e+002
-2.207000e+003
-3.828000e+003
-4.238000e+003
-4.140000e+003
-3.393000e+003
-1.572000e+003
-1.800000e+002
1.015000e+003
1.499000e+003
2.530000e+002
-1.694000e+003
-3.710000e+003
-5.346000e+003
-5.761000e+003
-4.775000e+003
-3.666000e+003
-2.050000e+003
-3.120000e+002
1.640000e+003
3.457000e+003
3.994000e+003
2.524000e+003
9.660000e+002
-3.710000e+002
-3.056000e+003
-5.439000e+003
-6.259000e+003
-4.604000e+003
-2.495000e+003
-3.610000e+002
9.810000e+002
6.050000e+002
-5.120000e+002
-3.220000e+002
-1.127000e+003
-2.177000e+003
-2.875000e+003
-3.237000e+003
-3.149000e+003
-3.046000e+003
-2.626000e+003
-2.509000e+003
-2.846000e+003
-2.500000e+003
-2.055000e+003
-2.172000e+003
-2.807000e+003
-2.963000e+003
-1.157000e+003
1.005000e+003
1.542000e+003
-9.700000e+001
-1.606000e+003
-2.480000e+003
-3.408000e+003
-2.636000e+003
-2.265000e+003
-1.948000e+003
-6.100000e+002
-1.230000e+003
-3.359000e+003
-3.730000e+003
-4.589000e+003
-4.902000e+003
-3.618000e+003
-2.109000e+003
-1.396000e+003
-4.630000e+002
-1.562000e+003
-3.691000e+003
-3.237000e+003
-3.149000e+003
-4.228000e+003
-4.819000e+003
-4.545000e+003
-4.106000e+003
-3.598000e+003
-2.460000e+003
-1.796000e+003
-6.730000e+002
-2.340000e+002
-1.469000e+003
-3.071000e+003
-4.868000e+003
-5.288000e+003
-3.408000e+003
-2.612000e+003
-2.382000e+003
-1.328000e+003
9.420000e+002
2.685000e+003
2.402000e+003
5.370000e+002
-1.689000e+003
-3.012000e+003
-4.389000e+003
-2.832000e+003
-7.030000e+002
8.490000e+002
1.313000e+003
1.489000e+003
0.000000e+000
-1.220000e+003
-2.163000e+003
-3.125000e+003
-2.324000e+003
-1.352000e+003
9.700000e+001
6.980000e+002
3.560000e+002
6.290000e+002
2.680000e+002
-1.900000e+001
-5.170000e+002
-8.000000e+002
-1.494000e+003
-2.309000e+003
-1.762000e+003
-1.728000e+003
-2.026000e+003
-1.049000e+003
-3.120000e+002
4.800000e+001
-5.800000e+001
-6.340000e+002
-1.298000e+003
-1.767000e+003
-2.163000e+003
-2.324000e+003
-1.635000e+003
-1.586000e+003
-1.489000e+003
-9.270000e+002
-5.760000e+002
1.469000e+003
1.342000e+003
2.440000e+002
-2.400000e+001
-4.680000e+002
-1.391000e+003
-1.806000e+003
-8.540000e+002
2.530000e+002
6.250000e+002
1.499000e+003
2.343000e+003
1.762000e+003
6.200000e+002
-1.074000e+003
-3.579000e+003
-4.184000e+003
-3.627000e+003
-2.666000e+003
-2.730000e+002
1.362000e+003
3.027000e+003
3.671000e+003
1.259000e+003
-7.320000e+002
-2.719000e+003
-3.803000e+003
-3.793000e+003
-4.335000e+003
-2.817000e+003
3.120000e+002
1.191000e+003
1.669000e+003
2.846000e+003
4.423000e+003
3.520000e+003
5.410000e+002
-6.980000e+002
-1.420000e+003
-1.840000e+003
-2.285000e+003
-3.115000e+003
-2.597000e+003
-1.723000e+003
2.730000e+002
8.640000e+002
9.270000e+002
8.300000e+001
-3.800000e+002
-1.230000e+003
-2.690000e+003
-3.305000e+003
-2.216000e+003
-1.572000e+003
-2.167000e+003
-1.445000e+003
1.020000e+002
-3.320000e+002
-2.172000e+003
-3.266000e+003
-2.587000e+003
-3.349000e+003
-3.784000e+003
-3.115000e+003
-3.779000e+003
-2.617000e+003
-1.152000e+003
2.900000e+001
1.054000e+003
1.577000e+003
-3.120000e+002
-9.520000e+002
-1.025000e+003
-1.416000e+003
-2.187000e+003
-2.539000e+003
-2.363000e+003
-2.387000e+003
-1.406000e+003
-7.300000e+001
-4.730000e+002
2.400000e+001
4.630000e+002
2.970000e+002
-7.860000e+002
-8.780000e+002
-1.474000e+003
-1.879000e+003
-1.098000e+003
-5.660000e+002
-4.100000e+002
-2.880000e+002
1.806000e+003
2.045000e+003
1.171000e+003
2.400000e+001
-1.625000e+003
-3.339000e+003
-3.520000e+003
-2.675000e+003
-9.570000e+002
1.479000e+003
4.100000e+002
-9.080000e+002
-4.780000e+002
-2.290000e+002
-4.300000e+001
-1.410000e+002
-7.300000e+001
2.190000e+002
-7.470000e+002
-1.821000e+003
-2.050000e+003
-2.094000e+003
-9.520000e+002
-1.700000e+002
1.170000e+002
6.440000e+002
1.162000e+003
-1.120000e+002
-1.313000e+003
-2.006000e+003
-1.625000e+003
-1.713000e+003
-1.879000e+003
-1.489000e+003
-1.560000e+002
4.340000e+002
-8.390000e+002
-1.162000e+003
-8.780000e+002
-1.479000e+003
-2.177000e+003
-1.250000e+003
1.510000e+002
9.960000e+002
6.730000e+002
-4.630000e+002
-2.500000e+003
-3.896000e+003
-4.130000e+003
-4.165000e+003
-2.949000e+003
-1.494000e+003
-9.030000e+002
-5.410000e+002
-6.050000e+002
-1.694000e+003
-2.656000e+003
-3.276000e+003
-2.382000e+003
-1.010000e+003
6.300000e+001
8.200000e+002
1.582000e+003
6.390000e+002
-9.760000e+002
-1.743000e+003
-1.342000e+003
2.970000e+002
6.200000e+002
7.120000e+002
6.680000e+002
4.830000e+002
7.800000e+001
-4.800000e+001
-5.320000e+002
5.070000e+002
2.382000e+003
2.392000e+003
9.710000e+002
7.300000e+001
-7.300000e+001
-2.680000e+002
1.700000e+002
9.810000e+002
1.503000e+003
-1.750000e+002
-1.728000e+003
-2.670000e+003
-2.705000e+003
-1.665000e+003
-1.396000e+003
-5.800000e+001
2.104000e+003
2.529000e+003
1.308000e+003
-3.020000e+002
-1.362000e+003
-2.392000e+003
-2.695000e+003
-9.610000e+002
-2.090000e+002
6.590000e+002
1.992000e+003
1.752000e+003
3.710000e+002
-7.810000e+002
-1.191000e+003
-2.475000e+003
-3.623000e+003
-2.675000e+003
-2.730000e+002
2.412000e+003
3.842000e+003
2.998000e+003
1.948000e+003
1.660000e+002
-1.777000e+003
-2.666000e+003
-2.187000e+003
-1.831000e+003
-3.750000e+002
1.484000e+003
2.631000e+003
3.515000e+003
3.515000e+003
1.669000e+003
-8.930000e+002
-1.713000e+003
-2.460000e+003
-3.637000e+003
-3.222000e+003
-1.840000e+003
-4.290000e+002
1.166000e+003
2.749000e+003
3.715000e+003
2.255000e+003
0.000000e+000
-2.041000e+003
-3.745000e+003
-4.960000e+003
-4.277000e+003
-1.425000e+003
1.308000e+003
3.408000e+003
3.662000e+003
3.295000e+003
1.865000e+003
-8.700000e+001
-1.308000e+003
-2.797000e+003
-3.403000e+003
-3.745000e+003
-3.403000e+003
-2.021000e+003
0.000000e+000
2.846000e+003
5.146000e+003
4.277000e+003
1.577000e+003
-2.050000e+003
-4.311000e+003
-5.395000e+003
-5.190000e+003
-4.228000e+003
-1.948000e+003
9.660000e+002
2.622000e+003
2.968000e+003
3.344000e+003
1.801000e+003
4.290000e+002
6.000000e+002
-7.030000e+002
-2.431000e+003
-2.456000e+003
-1.445000e+003
-1.245000e+003
-1.040000e+003
-1.210000e+003
-7.030000e+002
-5.410000e+002
-1.230000e+003
-1.479000e+003
-5.660000e+002
-1.800000e+002
0.000000e+000
8.700000e+001
-7.800000e+001
-7.910000e+002
4.800000e+001
1.137000e+003
1.347000e+003
8.300000e+002
7.800000e+001
-2.140000e+002
1.850000e+002
3.750000e+002
4.490000e+002
4.580000e+002
2.490000e+002
1.191000e+003
2.124000e+003
2.333000e+003
1.933000e+003
1.254000e+003
4.240000e+002
2.830000e+002
3.850000e+002
-1.020000e+002
-5.950000e+002
2.920000e+002
1.811000e+003
2.089000e+003
1.889000e+003
5.900000e+002
2.440000e+002
9.960000e+002
8.740000e+002
8.700000e+001
-5.760000e+002
-7.710000e+002
-7.800000e+001
1.000000e+003
1.381000e+003
7.080000e+002
-8.440000e+002
-2.353000e+003
-2.954000e+003
-3.476000e+003
-3.613000e+003
-1.557000e+003
1.005000e+003
1.577000e+003
9.170000e+002
9.570000e+002
1.030000e+003
9.760000e+002
-1.049000e+003
-2.319000e+003
-2.026000e+003
-9.710000e+002
-7.030000e+002
-1.103000e+003
-3.270000e+002
7.300000e+001
3.900000e+002
7.420000e+002
5.510000e+002
-6.100000e+002
-1.108000e+003
-7.910000e+002
3.120000e+002
9.320000e+002
6.390000e+002
3.400000e+001
3.900000e+002
2.730000e+002
-8.100000e+002
-1.582000e+003
-1.572000e+003
-1.010000e+003
-8.700000e+001
-4.000000e+000
1.700000e+002
8.340000e+002
1.020000e+002
-7.270000e+002
-1.040000e+003
-1.699000e+003
-1.391000e+003
-4.390000e+002
4.050000e+002
1.225000e+003
1.191000e+003
-3.120000e+002
-1.170000e+002
1.800000e+002
-7.510000e+002
-2.011000e+003
-1.914000e+003
-1.513000e+003
-7.470000e+002
-2.900000e+001
3.220000e+002
8.300000e+002
9.220000e+002
-2.340000e+002
-1.328000e+003
-1.372000e+003
-8.690000e+002
-1.170000e+002
5.610000e+002
2.290000e+003
3.408000e+003
3.427000e+003
3.461000e+003
1.123000e+003
-1.093000e+003
-2.114000e+003
-1.904000e+003
-1.323000e+003
-7.860000e+002
7.760000e+002
2.685000e+003
2.407000e+003
6.150000e+002
-5.660000e+002
-1.977000e+003
-2.988000e+003
-2.202000e+003
-1.333000e+003
4.150000e+002
1.845000e+003
3.574000e+003
5.234000e+003
4.179000e+003
2.563000e+003
2.730000e+002
-1.391000e+003
-2.309000e+003
-1.894000e+003
-1.362000e+003
-6.390000e+002
1.479000e+003
2.353000e+003
2.749000e+003
4.101000e+003
3.710000e+003
1.240000e+003
-4.630000e+002
-1.704000e+003
-2.412000e+003
-2.446000e+003
-1.044000e+003
5.300000e+001
1.015000e+003
1.010000e+003
8.200000e+002
8.440000e+002
5.800000e+001
-9.610000e+002
-2.260000e+003
-2.216000e+003
-1.660000e+003
-1.137000e+003
-3.750000e+002
-1.400000e+001
1.950000e+002
8.780000e+002
9.320000e+002
7.270000e+002
-4.630000e+002
-9.610000e+002
-3.410000e+002
-7.300000e+001
